23.410565
-2.034967
-1.673175
-1.921391
-1.921449
-2.005397
-1.661330
-1.716316
-1.905318
-2.014308
2.032239
-2.004407
1.905189
-6.186866
1.975262
2.041002
0.006353
0.134075
-8.750871
20.219146
20.247342
20.247161
20.247171
20.247113
20.247165
20.260133
20.260247
0.838128
5.539741
17.410077
17.430783
3.498723
3.545921
3.572276
22.100488
-2.099716
-2.020951
-2.107633
-2.086352
0.243121
0.315039
0.274679
1.412196
1.371803
0.251702
0.313843
34.851876
4.768898
4.812016
4.811976
26.399727
4.790674
4.790702
4.784894
4.784970
13.775000
-2.254378
-2.086414
-2.086327
-2.086374
-2.209749
-2.209615
9.134655
0.746110
0.871287
6.913821
29.488121
25.403811
25.490432
-8.902008
25.342687
-9.215680
1.238260
-1.616207
20.424750
20.719162
12.707477
12.562277
12.561966
25.378518
-1.229965
-1.233957
26.375959
26.478496
-1.198716
26.255115
-1.332863
-1.307712
-1.291383
30.410797
30.281310
-0.409283
-0.088034
30.398612
0.379804
0.265326
30.497625
30.371198
30.250254
-0.406558
0.422094
-0.388758
-0.162982
27.872511
28.120748
0.080041
0.139222
0.110354
0.341855
0.382392
-0.440136
0.048935
-0.359069
-0.176948
-0.427291
-0.294055
-0.184422
-0.108652
-0.377456
-0.394595
0.091006
-0.367841
0.738477
1.062772
0.722330
0.936762
0.774443
0.984782
0.928548
0.063331
0.362505
-0.316413
-0.359587
0.066056
-0.138783
-0.168467
0.159310
0.089345
0.049047
0.119038
0.188240
0.128525
13.325954
27.902014
-0.439199
27.877085
-0.344521
14.002075
28.059922
13.941296
27.931580
-0.391889
0.141776
-0.409571
-0.148882
0.351878
0.332486
-0.419639
33.166620
0.147228
2.463871
2.345439
2.375556
15.529574
-0.434087
-0.332227
-0.364626
-0.410780
-0.502532
-0.345861
0.127642
0.336833
-0.077976
0.341325
-0.147723
33.210740
0.097085
0.151209
-0.435263
0.107160
-0.125905
-1.020675
-1.048178
-0.994935
-0.942428
0.591984
0.512847
-0.925533
-0.085073
11.313632
0.085501
0.152909
0.109733
0.415304
-0.342708
-0.167461
3.272525
14.273854
-0.349141
-0.343222
-0.255333
0.416860
-0.510449
3.802262
0.107956
20.243579
-0.303126
-0.208252
3.678247
0.091554
-0.177678
-0.106497
33.154293
33.126885
1.792203
1.774048
1.774157
0.148378
-0.098863
1.908711
-1.328801
-1.328847
1.855470
1.855404
-1.188368
-1.458752
-1.434625
1.901475
-1.302634
25.983698
-0.359299
0.354725
-0.089588
28.929957
29.143901
0.382033
0.159630
0.097711
0.418060
-0.383741
0.188059
-0.338319
-0.366732
0.410604
30.292561
0.140379
-0.411725
-0.117800
-0.324070
-0.456390
-0.553722
0.279978
-0.313152
-0.410858
-0.296198
-8.405417
-0.096855
0.287321
-0.290817
-0.332542
0.359124
-0.369730
0.299857
0.167212
0.158788
-0.314235
-0.396708
-0.726527
6.349395
-0.818657
-0.842822
-0.765527
0.192088
-0.836847
-0.765945
-0.845445
0.107767
-0.714680
-0.131474
0.107547
0.131471
-0.172134
13.564660
0.367253
0.090933
2.210711
2.444101
2.414798
2.354005
2.276393
2.371914
-4.524044
-4.523930
-4.523771
0.460628
-4.639370
-0.349641
-3.933021
-4.467926
-4.467744
-4.467764
-4.488197
-4.488255
-4.488283
0.296716
0.466249
-3.787778
0.416647
-4.513070
-4.512779
-0.103355
-0.378547
-4.460034
-4.459849
-4.577702
-4.577681
-0.351841
0.122815
-0.319387
18.968222
0.115172
19.188666
-0.430635
-0.308203
-0.338714
-0.393949
0.137234
0.056408
5.840277
12.962939
-0.366224
5.823514
5.931500
-0.352819
-0.374989
22.650888
0.147708
-0.440614
-0.319868
-0.430574
-0.426847
22.510159
-8.666200
-3.440049
-3.454775
12.799083
1.076320
26.142555
1.036838
-3.525292
1.085374
1.013984
26.216395
0.996816
-3.410647
26.208647
12.606261
-1.167986
-1.357283
26.071056
-1.278118
26.061824
26.220679
-1.366534
-8.948987
5.693828
5.693651
5.532790
-0.949318
-0.874720
-1.027240
28.755618
32.129870
-0.806725
-1.810909
-1.804513
-1.802729
-1.827898
-1.761612
8.283241
0.394685
0.328952
-9.344908
-9.344977
-4.556034
-9.362640
-9.362568
-6.383101
-9.494123
-6.336880
-9.326783
-6.401316
-6.248441
-6.495332
-2.241059
-4.205487
-2.269739
-5.153497
-2.348460
-4.912352
-5.144621
-5.144758
-5.172936
-4.197879
-5.289641
-4.727179
-4.851272
-6.386409
-6.199110
-6.401162
-6.732633
-5.106894
-5.107085
-5.157716
-5.157486
-4.630342
-6.046765
-4.280302
-6.692858
-5.130778
-5.083489
-7.643909
-7.161309
-5.172330
-4.981592
-6.695025
-4.960570
-6.127802
-5.038173
-5.162590
-5.018362
-5.262663
-5.235042
-6.253345
-6.260225
-4.460418
-6.062168
-6.062293
-5.205880
-5.138947
-5.087148
-4.138652
-6.025576
-6.307129
-5.046998
-6.025048
-6.025000
-4.592576
-4.441337
-6.195085
-9.531701
-4.475464
-6.735297
-5.178296
-5.272131
-6.068745
-5.181699
-5.060200
-4.249277
-4.193053
-5.135668
-4.161693
-5.225555
-6.586046
-5.173424
-6.463878
-4.597516
-6.038278
-6.038114
-6.713882
-6.861382
-6.116489
-4.303497
-6.769377
-6.858670
-6.551052
-6.550988
-0.316108
-6.066821
-6.066818
-6.481142
-6.481044
-6.436907
-6.164600
-6.164655
-4.626361
-6.541755
-4.590647
-6.213237
-5.129934
-4.768326
-5.008336
-4.426262
-7.277142
-4.761380
-6.480731
-6.480559
-4.652933
-7.038035
-4.482148
29.551368
-6.958493
-7.379744
-6.944938
-4.237998
-6.900827
-5.262563
-5.163916
-4.110383
-6.068296
2.156655
2.156530
-6.576400
-4.463134
-4.181848
-4.146360
-7.049090
2.266565
2.266549
2.616823
-6.632582
-6.145496
-6.165595
2.137995
-4.274236
-6.510480
-4.181063
2.631963
-5.135623
-4.203163
-6.428372
-6.428297
-4.812911
-6.437953
-6.438213
-4.431153
-5.061544
-6.697969
-6.697749
-6.564787
-6.091273
-6.454667
-6.454639
-4.840195
-6.182661
-6.567640
-6.567654
-4.564702
-4.147618
-5.040396
-4.020588
-5.361379
-5.071869
-4.146388
-6.579667
-6.579735
-4.456683
-4.722473
-5.048710
-6.436769
-4.484925
-6.458350
-6.458181
-5.315026
-4.475288
-5.352948
-5.201960
-6.129517
-5.083419
-0.200045
-4.470252
-6.170199
-3.707528
-0.242268
-0.273643
-4.257496
-4.516691
-5.192063
-0.432959
-0.326665
-0.237821
-4.445473
-5.220231
-4.634786
-4.240362
-0.224765
-4.152384
-4.422054
-5.195034
-4.230678
-5.143900
-4.605721
-4.435058
-4.183174
-4.050580
-4.580781
-4.451961
-4.602145
-4.121465
-4.137195
-5.179068
-6.160089
-4.913005
-5.078745
-5.195367
-6.033226
-4.451909
-6.143976
-4.948406
-4.967000
-4.513015
-5.175253
-5.130818
-4.359571
-4.869164
-4.582876
-4.579487
-6.158081
-6.026084
-4.470600
-6.132765
-5.664319
-4.251696
-5.867433
-5.596929
-6.196008
-5.704206
-5.633685
-5.855909
-5.892502
-5.545373
-5.743550
-5.743721
-6.212975
-4.266806
-5.558897
-3.526329
-5.439695
-4.281438
-5.602021
-5.662199
-3.896751
-3.897090
-4.081728
-3.854773
-3.854899
-5.261394
-4.949297
-3.733136
-3.732885
-5.466557
-3.932111
-3.932074
-5.251381
-4.863733
-4.992405
-3.789564
-3.789502
-4.619382
-4.619297
-4.502893
-4.503136
-3.480747
-4.083681
-4.502288
-5.908287
-4.771938
0.457788
-3.956694
-4.087134
-3.718941
-3.603827
-3.429537
-3.746878
-4.175832
0.418624
0.535108
-4.270647
0.533305
-4.898358
-6.012655
-3.786843
-3.786982
-4.069460
0.509627
-6.061411
-5.798489
-3.456337
-4.948998
-5.906089
-3.790884
-4.250100
-4.227084
-4.200833
-5.778334
0.451045
-4.772415
-5.591975
-3.746873
-5.120382
-5.890725
-5.268259
-4.641598
-5.915850
-3.746736
-5.289630
-4.086040
-4.085560
-5.580324
-4.107200
-3.680614
-3.629826
-3.741544
-5.571591
-4.242043
-4.241927
-4.885622
-4.029760
-5.609506
-4.535791
-6.204260
-4.508482
-5.598243
-5.027967
-3.890232
-5.555289
-4.247436
-4.873938
-4.933255
-5.300254
-5.376818
-4.675259
-5.287148
-6.197689
-4.028708
-3.507804
-3.507788
-3.489432
-3.833858
-3.416528
-3.416656
-5.408384
-4.325408
-3.914783
-4.089876
-4.089621
-4.381896
-5.864516
-5.864393
-4.435895
-3.683622
-4.195358
-4.195255
-4.195182
-4.772277
-5.712935
-5.995618
-5.384549
-3.764845
-3.764673
-4.371000
-4.497691
-4.135231
-3.731730
-4.328661
-5.884736
-3.841484
-3.841385
-3.871264
-3.871150
-0.698038
-3.816636
-3.447337
-5.652521
-3.612508
-4.204278
-3.504321
-4.963276
-4.963255
-4.065981
-5.655907
-0.657656
-5.114483
-5.114339
-3.887765
-5.037851
-5.037980
-3.733300
-4.113892
-4.506138
-0.726653
-3.509551
-3.838757
-5.622908
-5.622906
-0.830165
-4.979229
-4.979299
-4.465657
-5.033551
-3.779492
-4.513323
-3.606225
-4.878194
-4.878072
-4.166049
-5.748348
-3.820026
-5.049490
-5.049491
-4.853452
-4.853463
-5.074192
-5.074058
-4.180341
-4.662668
-0.809770
-4.375848
-4.375765
-4.375799
-4.375828
-4.915878
-3.441901
-3.459689
-4.795567
-4.795679
-4.795402
-4.939628
-4.229195
-4.229572
-5.840611
-5.431206
-3.793066
-4.344883
-4.345041
-4.344824
-4.344916
-0.617690
-4.139338
-5.756320
-5.468359
-4.237533
-4.544783
-4.545106
-4.073926
-3.504332
-5.283620
-4.751766
-5.429197
-4.774387
-4.774483
-4.774585
-4.659632
-4.659851
-5.245398
-5.177740
-5.797991
-3.742973
-4.917062
-4.917002
-5.854156
-4.208976
-3.570699
-4.474820
-4.186765
-4.187080
-4.186818
-4.186651
-5.465735
-5.083917
-5.148282
-4.720711
-4.720913
-4.611774
-4.682787
-4.863315
-6.164305
-4.991823
-3.572334
-4.116691
-4.222621
-4.223013
-4.222919
-5.822053
-4.089724
-3.800740
-3.566422
-3.419082
-3.469660
-5.348516
-5.348246
-5.348346
-7.975605
-5.923671
-4.631839
-4.632258
-7.630278
-4.027934
-3.767671
-4.683273
-4.683387
-4.155512
-4.155571
-4.155494
-4.880846
-4.880486
-4.664719
-4.664723
-4.285379
-4.864293
-8.072420
-4.663211
-4.663315
-5.371453
-5.371719
-5.017169
-5.017231
-5.669776
-3.879743
-5.470081
-5.470263
-5.470174
-2.753776
-5.321042
-5.158038
-5.158046
-5.884890
-4.420089
-4.420170
-4.672330
-4.672482
-3.686538
-5.334804
-5.334721
-4.853895
-4.488061
-3.766683
-4.535903
-5.042191
-5.042163
-4.748372
-4.748057
-4.748353
-4.748075
-3.655516
-5.404860
-5.404771
-4.992673
-4.593846
-4.854364
-4.825897
-4.967345
-4.967585
-4.124764
-4.124496
-3.553299
-5.875900
-3.509004
-4.704900
-4.704710
-4.058947
-4.059012
-4.192046
-4.192197
-5.511407
-5.511358
-5.842334
-4.251127
-4.250963
-5.499015
-5.498888
-4.857871
-4.857828
-3.523323
-8.762743
-3.450230
-5.151748
-5.151712
-4.138839
-3.489076
-6.026628
-6.026763
-3.204342
-5.326988
-5.326939
-3.464733
-4.655660
-4.655616
-4.821481
-4.821568
-2.816982
-3.614425
-4.432493
-4.432918
-4.432974
-4.955109
-4.955058
-4.955266
-4.955116
-5.604328
-3.984988
-3.985084
-4.433581
-5.755394
-4.711341
-4.711103
-4.711092
-6.124556
-3.933666
-4.683736
-4.307718
-5.099663
-5.099512
-5.099483
-3.698845
-4.923835
-4.233822
-4.234095
-4.196623
-4.196881
-4.196698
-5.142697
-5.142489
-5.142534
-4.532149
-4.532157
-4.532214
-4.531826
-4.377447
-4.377502
-4.377516
-4.126017
-4.126348
-5.204878
-5.205032
-5.204745
-3.097676
-5.034962
-5.034837
-5.035050
-5.034708
-5.943924
-4.149090
-4.149090
-4.149231
-3.910714
-3.176238
-3.200614
-3.733585
-3.733612
-5.811861
-5.811949
-4.506827
-4.507187
-4.506953
-4.507038
-4.818029
-4.536196
-3.084560
-4.053232
-3.593736
-5.226802
-5.226510
-5.584524
-5.601313
-3.527523
-5.038330
-5.038143
-3.181467
-3.109130
-3.618480
-3.618321
-3.283933
-5.415327
-4.206377
-3.747190
-4.481179
-3.554410
-5.491186
-5.491312
-5.490871
-4.311138
-4.310755
-5.051276
-5.492340
-5.492368
-5.492325
-5.492121
-4.224700
-4.224785
-4.224756
-4.812413
-4.906250
-4.906001
-3.645641
-2.821944
-4.043027
-5.640059
-5.640145
-4.459710
-3.495183
-4.175027
-3.576048
-3.795776
-3.795740
-5.267171
-4.288559
-5.290869
-5.291173
-3.064795
-2.858289
-5.375463
-5.375467
-5.375434
-5.252558
-2.907585
-4.678911
-3.341490
-3.799379
-3.799340
-5.719318
-5.719709
-5.583063
-4.220101
-4.220394
-3.128793
-4.828400
-4.548723
-2.901681
-4.071614
-4.071634
-5.782561
-5.782503
-4.552202
-4.552291
-4.552272
-4.194612
-4.722962
-4.656147
-4.083854
-4.764023
-3.868648
-4.505052
-4.505218
-4.554161
-4.563195
-4.563057
-3.398998
-4.325617
-5.495406
-5.881373
-0.893128
-4.231219
-5.247904
-3.074231
-4.491390
-4.491595
-5.481892
-5.482011
-5.482171
-4.585504
-4.585845
-5.304805
-5.304827
-5.231067
-5.348689
-5.348744
-5.512714
-5.512773
-4.980963
-4.981187
-4.981183
-0.843443
-5.763180
-4.812516
-4.151953
-5.888735
-2.754386
-5.107011
-5.362948
-5.449029
-5.448710
-4.675874
-2.801587
-5.564406
-5.564525
-4.770593
-4.792077
-5.107289
-3.533468
-3.410199
-4.951628
-5.552642
-0.980077
-4.914389
-5.799398
-3.536775
-4.184105
-4.183984
-3.385542
-3.750103
-4.668343
-4.668394
-3.542504
-2.926134
-4.592784
-4.593120
-5.378911
-3.443609
-4.232723
-3.856089
-4.532729
-4.532731
-4.791623
-4.508775
-4.804209
-5.811300
-4.185158
-4.897615
-5.483572
-3.162742
-3.174797
-4.788353
-5.114935
-4.286351
-3.527446
-4.237773
-9.430303
-5.403665
-5.176324
-5.919768
-4.093209
-4.054289
-3.181701
-2.994515
-4.541721
-3.259119
-4.968924
-4.968840
-4.969106
-4.499406
-5.277123
-4.510323
-4.794931
-5.196082
-5.196518
-4.451801
-4.616127
-4.616092
-5.140873
-5.349908
-5.350250
-5.349977
-4.507030
-4.202980
-3.258893
-3.882354
-3.205719
-3.205661
-3.205850
-5.917832
-4.131863
-4.605921
-5.149025
-5.172310
-5.351623
-4.144062
-4.669139
-4.086891
-3.912275
-4.212959
-3.062519
-3.062413
-3.045579
-3.045682
-3.045415
-3.129815
-3.129777
-3.706455
-3.998539
-5.110881
-5.111002
-5.162993
-3.074938
-3.074754
-3.074882
-5.431673
-5.431805
-5.431627
-3.033664
-3.033548
-3.033733
-5.133937
-3.853877
-2.851693
-5.446401
-5.446485
-5.446326
-5.446264
-5.446227
-3.047708
-4.056277
-4.359002
-2.856954
-3.538487
-3.825639
-3.589203
-3.440060
-5.497506
-5.497566
-5.497634
-5.497492
-3.639873
-4.579415
-4.579091
-2.925602
-4.836852
-5.231904
-4.227533
-4.227742
-4.834660
-4.834879
-2.727829
-3.511544
-5.515176
-5.515172
-5.515108
-5.515094
-3.082242
-5.447045
-5.447065
-5.446978
-5.446997
-4.540639
-3.099361
-3.608412
-4.169963
-2.916437
-4.519118
-4.183853
-4.083018
-3.707202
-4.516006
-4.515807
-4.515932
-5.097634
-3.811630
-3.811617
-5.874918
-4.574805
-4.334595
-4.501314
0.597965
0.597595
0.551517
0.551688
-4.122373
-4.122202
-4.865683
-4.865121
-4.865148
-4.310635
-4.310646
-4.526482
-4.462911
-4.099180
-4.099070
-5.105541
-4.741985
-4.131014
-4.130898
-5.384152
-3.882373
-3.881901
-5.425885
0.461847
-4.843932
-4.843920
-4.776641
-4.776930
-4.776765
0.678666
-5.040639
-4.760769
-4.760847
-5.002393
-3.223637
-5.273313
-5.273275
-5.523697
-4.872861
-5.426362
-5.426308
-4.037603
-5.361256
-4.541214
-3.355828
-3.460250
-4.423197
-4.374657
-5.328969
-4.189953
-4.442149
-2.800228
-5.417729
-4.975286
-3.707599
-3.882163
-5.210386
0.667671
-2.846854
-3.701463
-4.185552
-2.839042
-4.714667
-3.395371
-5.883919
0.662196
-3.879805
-3.050880
-3.688462
-3.265755
-4.802201
0.582039
0.542068
-3.212367
-3.734737
-4.179494
-3.877298
0.502829
0.555617
-4.801988
-5.818563
0.513714
-5.590955
-4.182799
-4.221084
-9.735359
-5.206398
-5.763803
-5.191865
-4.631078
-4.143038
-5.879918
-4.274428
-4.098901
-5.181593
-4.491071
-4.617560
-5.483728
-4.580010
-5.077269
-5.763670
-5.190271
0.577955
-5.869336
-5.869319
0.629934
-5.271794
-5.811714
0.454468
0.633510
-4.471849
-4.865687
0.575650
-5.540031
0.676280
-4.246003
-4.751366
-4.321950
0.599440
-5.880384
-5.422608
-5.718647
-5.832224
-0.958392
-4.844790
-4.177858
-5.703321
-5.266344
-5.955733
-4.588251
0.724905
-5.196713
-4.399335
-4.399472
-1.009331
-5.879643
-4.615326
-4.173491
-5.212141
-4.151438
0.514769
0.736633
0.740341
-4.813041
0.603274
0.618345
-4.777766
-4.777793
-5.062280
-4.864124
-4.864254
-4.864128
-4.851833
-4.851841
-4.851824
-4.952676
-4.952721
-4.548083
-5.111301
-4.227207
-4.904282
-4.847315
-5.871825
-5.844463
-5.196027
-4.949381
-5.510016
-4.607852
-4.918608
-5.111589
-4.557922
-4.467387
-5.676833
-5.007364
-5.052764
-5.767997
-5.764066
-4.470538
-5.753666
-4.096347
-5.524582
-5.631469
-8.720695
-5.070390
-4.436146
-4.143981
-4.565603
-4.656268
-8.667944
-8.668011
-4.598779
-4.034819
-4.033762
-3.959344
0.213385
0.143192
0.177564
-8.219516
-8.219556
-8.219427
-0.223489
-0.310585
-8.331564
-8.331370
-8.331303
-8.198253
-0.302004
-0.232719
-0.369328
0.010683
0.011137
0.010693
0.010797
0.010610
0.010833
0.034310
0.034364
0.034545
0.037815
0.037675
-0.027049
-0.027247
-0.027221
-0.027093
-0.027296
-0.035658
-0.035631
-0.149474
-0.149512
0.083501
0.083661
-0.145931
-0.145800
-0.103755
-0.103683
-0.066040
0.001352
0.001467
0.001641
0.025675
0.025515
-0.024120
-0.024346
-0.024167
-0.024174
1.414627
1.469232
1.390067
-1.125629
-0.991953
-0.868169
-2.248840
-2.188840
-8.357986
-8.165777
-8.581875
-8.461950
-4.227250
-4.172363
-8.573974
-1.297622
-1.206360
-1.196798
0.212694
0.226012
0.054806
0.206065
0.164763
0.240051
-1.152042
0.043289
-0.304408
0.061909
0.123485
0.019022
0.103174
-0.073406
0.567933
0.600653
0.419597
0.103098
0.390267
0.318011
-1.234398
-0.842777
37.008714
31.703595
26.839364
26.720960
43.863449
43.748578
30.653851
30.653771
30.610269
30.610270
31.200064
25.368955
49.696464
49.696453
49.696524
49.696325
49.696462
49.930001
49.716922
39.378453
39.586807
30.904145
43.818072
43.768769
33.482214
29.238393
42.207764
17.731029
17.731016
50.303290
50.156477
50.241867
50.286644
16.248061
29.386087
39.168025
39.310063
39.215879
37.765092
37.926030
37.774825
37.882478
15.446078
35.465514
43.099538
18.811330
43.054400
39.317533
43.009295
42.917727
42.982734
15.451825
15.384682
39.072171
39.127806
20.895643
28.060340
50.017990
28.223913
50.137053
50.167002
50.222345
50.123424
28.083470
25.703263
25.750837
25.695367
51.810956
21.488465
48.502391
48.491107
48.425151
48.442085
20.846713
3.741510
22.721851
40.697177
42.117596
42.166957
50.099192
50.247915
42.097767
42.025744
52.900755
52.900647
52.686288
52.862124
52.862142
52.731324
52.687421
52.687614
19.167454
52.623675
52.623630
52.635690
35.113124
35.158848
35.810137
35.786574
35.809187
35.790647
14.180637
2.052036
24.994583
24.977935
55.546008
14.988401
25.736878
19.940787
19.940625
20.007428
20.007515
19.803701
57.904717
20.035306
57.875345
51.340281
51.340216
51.232165
51.232246
51.215306
51.215015
32.541524
51.198048
13.206556
38.596243
38.664179
20.065223
20.032617
19.552914
19.571342
43.021996
50.283824
43.088843
29.667974
34.806962
34.911813
44.817287
44.802684
44.802701
44.805458
44.805429
44.864063
44.863907
44.863954
44.909822
44.909721
44.909713
44.954004
44.954084
44.954304
44.748264
44.748290
44.748212
44.915958
44.916089
44.916121
44.681640
44.681536
11.144615
11.756049
11.183655
14.926815
15.007388
58.792105
37.907149
37.964622
37.824587
37.881658
37.971895
0.172958
0.014625
0.105978
0.123166
0.117095
39.867553
9.063652
39.636933
27.756347
39.840157
39.788158
17.126736
56.903136
56.918504
39.047626
0.959659
38.958501
39.029234
20.783035
20.808515
38.956011
38.922531
39.123970
0.649573
1.518597
-0.390718
38.276191
38.345453
1.289572
1.934371
0.699074
1.814254
1.426609
0.340679
0.622844
15.215116
1.757072
13.155744
55.641634
2.145273
0.799740
34.231088
34.231044
34.231037
1.827740
34.155888
34.155866
34.155937
34.250029
34.249885
34.250042
61.939147
1.456980
1.351682
34.190964
34.191184
34.191015
-0.504365
0.934757
13.980507
0.146162
13.888763
39.835437
13.859830
39.823708
39.680760
39.738560
39.592624
0.041126
28.874908
39.795392
39.729661
10.993012
10.993016
14.770520
11.097068
54.456568
38.950124
38.795588
54.455267
38.956496
38.809098
42.053956
52.991361
52.991393
53.056080
53.029534
53.029451
40.941234
8.965865
44.009945
43.972823
44.276137
44.020400
29.485683
29.438430
46.170258
30.510621
44.368002
29.522418
44.248463
51.673454
46.604771
51.659654
41.980496
30.634504
21.238308
21.305308
21.305487
21.288065
21.288212
21.364952
1.141291
30.587073
0.981878
30.568098
30.568113
1.003417
30.654884
30.654888
37.108727
30.367784
30.368134
37.329911
37.238656
30.188388
29.959936
45.190438
30.263008
29.636106
6.552692
45.312351
45.267737
45.153434
50.894111
30.286799
51.337478
51.355891
45.129922
51.365521
45.224372
51.047599
51.343874
1.082497
51.070033
1.003313
45.513034
30.481135
36.683979
36.683554
36.683635
36.683638
36.414115
30.995948
36.398218
29.879293
18.827851
50.810056
18.806757
50.825276
5.706592
29.038980
55.264058
55.264004
55.155463
55.084667
55.084606
54.431852
54.407789
54.340249
41.472568
41.377556
37.162191
14.987823
34.811265
14.822777
4.737941
4.724636
46.873325
34.688278
46.846436
56.918882
47.999727
47.013876
47.023813
47.038240
46.994638
48.194809
46.860804
46.860776
47.010995
48.177458
48.177373
48.207241
48.102304
48.112936
48.112978
48.130402
3.993277
3.827746
9.874294
9.874166
9.874004
9.874020
9.874008
9.874011
9.874030
9.874010
9.873973
9.874025
9.874010
9.873970
9.874008
9.873980
9.873855
47.364196
47.344659
47.362043
58.512882
58.354059
58.507619
55.290652
58.289847
58.424336
55.327177
0.416237
58.330665
58.529364
0.373943
0.373758
0.373848
0.434695
0.288317
7.844735
7.937826
1.616975
39.291716
1.634241
39.279638
1.646342
17.725358
17.727962
69.008042
69.007876
69.007834
69.007946
69.007926
69.008001
69.647884
69.647812
69.648007
69.647903
41.245550
68.916879
68.916723
1.668191
1.667986
1.668112
1.822839
1.823064
2.484289
2.484302
2.051024
2.774461
1.756581
1.756516
2.740764
1.750535
1.750763
2.396995
2.396950
1.719074
69.092388
69.092416
69.092478
69.092353
2.220593
2.220573
2.220840
2.220686
2.220762
2.027420
2.027517
2.027667
2.027541
2.318471
2.318542
2.318430
2.318332
2.138880
2.719303
2.719285
2.321232
2.125497
2.125551
2.164285
2.164274
2.710806
2.374188
1.998450
1.998467
2.810988
2.810966
13.051147
2.683996
2.795317
2.795359
2.028063
2.028094
1.724106
1.724369
2.589723
2.589649
2.589450
2.014942
1.848303
1.848366
1.847982
2.105745
2.105721
1.848246
2.105516
2.530275
2.530348
1.981110
1.981137
2.139534
2.139519
2.110333
2.110244
2.132381
2.132680
2.083324
31.666923
55.683161
68.708627
1.899924
1.899969
31.692107
2.399271
2.399189
1.681531
1.681549
55.785153
28.816837
55.766369
2.561507
28.812101
1.717747
55.685060
1.572269
1.945095
1.945188
2.415451
28.759202
2.775456
2.775517
2.775652
2.775410
2.444949
2.444922
55.613582
55.533986
2.409818
55.820828
55.716057
2.507182
2.507223
1.926673
1.926954
32.718459
2.323137
2.323290
2.593608
2.593579
2.593807
1.836445
1.836435
1.836484
32.997441
1.996838
2.783420
2.783629
1.629761
1.629821
1.660166
1.660337
32.803388
32.803482
32.858640
2.484977
32.677528
32.834402
32.885122
41.133432
41.335043
41.264647
41.162175
41.302991
41.182997
41.169027
41.162809
12.896833
12.896806
12.762079
12.762267
12.815600
12.815596
5.216761
12.926980
38.123327
38.072137
53.767574
38.049598
53.759097
38.073351
53.836417
53.666525
46.973264
46.923692
53.746887
55.705899
53.591788
55.795352
53.635346
6.153627
53.794188
55.775780
53.169008
53.094643
55.679434
55.667387
53.108739
29.751771
55.683985
53.694303
55.683731
55.787652
29.694931
46.629958
53.664009
46.487993
53.152214
53.175482
46.529691
-0.091117
49.642770
-0.026797
49.618582
-0.025756
52.118887
52.188862
52.288365
52.154601
38.981670
52.281036
38.945289
38.932603
59.492269
38.960661
59.511790
59.683086
41.383258
59.467413
59.658100
41.395483
41.252199
41.430292
41.415602
45.057712
45.032862
8.310396
45.082545
45.064521
23.939546
13.262969
13.020984
21.935987
21.910441
21.910586
13.029331
21.879132
13.147344
21.884853
13.196204
21.625642
38.573297
38.573172
21.975762
19.811185
19.902732
19.947897
0.597439
0.597491
0.597256
19.810044
43.795273
4.261585
4.261635
4.261728
43.803680
47.298160
47.086555
0.661356
0.661982
0.661729
0.661630
43.838812
43.791979
47.258713
47.079601
47.010190
53.471448
53.617710
53.595240
24.022654
24.015800
24.067299
29.399197
5.454756
5.539106
5.572650
38.055888
5.415289
50.841148
50.841302
5.367417
38.265865
38.079172
37.966839
50.873927
50.874151
38.087461
38.114311
50.834989
50.835043
50.835121
50.980379
50.980346
50.885221
50.325913
50.885290
50.334607
50.888992
50.889085
50.889013
40.226247
57.731762
50.374615
57.710849
57.710858
57.762324
57.762393
0.707310
57.819475
57.819586
39.578436
57.615131
57.615264
58.203116
59.995512
58.881311
39.544770
39.544937
39.610410
39.562141
57.787624
56.602141
39.537921
39.537576
39.537863
56.359697
41.696971
41.696816
53.528564
53.614600
64.457541
58.867816
57.936158
58.895881
53.632615
57.970662
64.571497
39.882762
53.510731
64.460456
64.400937
64.558454
40.034608
6.176464
39.887571
6.200415
6.150887
6.215521
59.603279
58.541837
59.514973
58.936813
6.551265
21.445376
-1.338475
58.902124
58.902205
58.902168
58.901942
-1.442223
-1.329601
4.330890
48.801854
59.024716
59.024572
59.024653
52.853485
52.885657
52.945291
59.108474
59.108577
59.108572
4.424455
53.002377
52.931827
57.501668
13.697298
13.849690
57.464150
57.515482
57.519991
15.225606
56.946645
49.919922
51.134534
51.134485
51.134497
51.011575
51.011373
50.047617
59.342524
51.050776
51.050722
51.050763
59.332257
50.075972
58.591827
50.094914
51.087337
51.087553
51.087407
50.983271
50.983292
33.007255
51.000180
51.000513
51.000110
57.519246
33.035443
57.638713
32.902755
32.902702
32.827338
32.827367
33.990826
32.776891
44.229852
57.351345
57.351352
57.351178
57.539220
57.539245
57.539369
57.539345
57.539287
57.539241
57.539035
57.539331
10.640156
44.077565
44.077392
44.126303
24.304767
44.251507
44.251434
57.408697
57.408789
57.408769
57.408843
57.408738
57.408831
57.408765
57.408722
57.408769
57.408712
57.408784
57.408660
57.356623
57.356444
57.356383
57.356137
57.356245
57.356186
57.356201
57.356203
57.356515
57.354520
57.354703
57.354588
57.354335
57.354716
57.354568
57.354599
57.354677
57.354754
57.418404
57.418614
57.418567
57.418693
57.418797
57.418613
57.418599
57.418533
57.418549
57.418697
57.418632
57.418552
57.532137
57.531851
57.531792
57.531993
57.531929
57.531862
57.531847
57.531873
44.168399
44.167959
57.632414
57.632614
57.573779
57.573225
57.573407
57.573541
57.573597
57.573586
44.178104
44.178141
57.472445
57.472386
57.472434
57.472439
57.472466
57.472260
57.472385
57.472281
57.472403
57.472382
57.472312
57.472391
57.472476
57.472506
57.597573
57.597403
57.597529
57.597538
57.597391
57.597414
57.477948
57.477698
57.477936
57.477856
57.478182
57.477900
57.477798
57.477908
57.477818
57.477891
57.452726
57.343376
57.428984
57.428961
57.478063
57.477745
57.527432
57.801879
57.685407
57.685181
57.685186
57.560132
57.750335
57.750269
57.750331
57.706071
57.706131
57.706191
57.689754
57.689419
57.689633
57.787801
57.788047
57.788046
57.619090
57.619101
57.619212
1.566339
24.486149
24.455819
24.494271
24.462240
10.499766
10.488465
10.644859
22.554223
-1.428291
22.784532
40.834555
40.738460
35.929072
35.852109
35.852234
35.961581
35.961474
40.837564
40.701775
40.772317
38.303027
38.303212
52.325457
52.321810
61.339848
61.239106
66.878473
48.483290
61.422672
48.447658
44.037691
48.647653
44.039862
44.077416
48.521144
66.714729
44.057170
44.118984
48.641547
48.641883
48.496137
48.524951
13.379199
2.572960
9.566562
2.641586
12.625210
12.744211
53.162347
0.027146
53.247876
42.732825
42.649590
18.082022
18.082144
1.354193
29.179333
42.612633
29.364917
40.394232
44.225908
44.225914
44.225922
44.225919
44.225908
44.225913
44.225919
44.225921
44.225916
44.225908
44.225917
44.225950
41.317063
44.235653
44.235541
44.235633
44.235581
44.235619
44.235544
44.235630
44.235590
44.235579
7.707558
41.337909
44.305838
44.305533
7.721039
7.766197
7.716792
40.431680
13.125770
7.817080
21.337639
21.337679
21.337649
21.250691
21.250676
21.362585
21.362545
21.362630
7.829403
21.321759
21.321660
21.321654
21.321651
21.321678
60.082548
15.528765
13.564412
15.534157
13.633074
6.742213
6.742135
6.742343
6.611358
6.611457
6.611413
6.726429
6.726390
6.726329
13.541122
6.561530
6.561468
6.561325
43.429304
54.074209
53.089696
13.673489
67.153414
13.605634
13.639441
43.361658
53.153398
2.683235
2.852347
24.345559
24.293595
24.428026
67.139328
67.077150
5.445042
47.105922
38.776136
42.821269
14.776756
42.801798
14.622901
42.879689
42.851751
19.101985
3.031099
19.046139
58.628413
58.628259
17.240283
31.234889
31.297474
52.948378
31.193844
55.034159
55.034176
52.865914
52.866035
27.665661
27.665641
27.665632
27.665639
27.665601
27.665662
27.665718
54.971073
53.060881
53.060604
27.686256
27.779036
27.778791
27.734568
27.734471
50.012151
52.970204
52.970232
49.998308
52.931169
52.931182
55.190346
55.190078
50.095774
52.896210
52.896169
52.910794
50.044327
54.901377
50.119808
49.014195
49.155325
49.057511
48.987782
49.116093
49.137205
56.975422
15.802173
15.802053
15.802105
15.802136
15.802243
21.688685
20.141514
22.171602
22.059642
21.879400
21.879321
22.091034
19.588397
3.228789
3.228884
3.228843
66.053484
-1.601061
-1.718435
-1.815634
58.592753
2.209535
26.547001
10.158815
26.620152
60.264012
19.947051
19.959810
19.836012
52.415605
52.459487
52.441294
52.385380
52.412330
52.427890
52.926640
52.734018
52.702548
1.442812
52.726215
52.907022
52.833630
22.374315
55.119271
55.099895
55.053385
55.008946
55.103196
55.056847
36.893892
22.968929
52.405514
59.737921
59.581744
59.592733
46.238529
43.549524
23.521831
23.521774
23.521883
23.521732
23.521814
23.350375
23.481792
23.350008
23.349827
23.481908
23.350102
23.481887
23.481861
23.481922
23.298744
55.126821
23.456416
23.456459
23.456455
23.456523
23.456473
55.037887
23.413032
23.412988
23.412909
23.413082
23.412985
23.399194
23.399232
23.399179
23.399164
23.399148
56.760101
6.646302
55.112401
23.441743
23.441505
23.441551
23.441740
23.441526
55.015845
55.010477
55.033086
55.033053
52.662601
55.540027
55.582060
44.028021
43.918288
26.419621
43.846613
43.846637
42.437930
42.437950
3.205929
34.262109
34.283685
20.229062
20.229221
31.224825
58.231659
27.903365
31.102547
35.500137
31.258907
35.368932
35.369014
35.359406
35.359543
58.213032
44.528203
52.718490
52.672787
52.642114
44.590843
44.448298
28.243304
52.636977
43.175091
45.755066
65.273868
45.676515
46.879960
43.655848
49.877139
49.973942
49.973928
42.478339
49.973332
47.112867
43.672565
47.009806
50.001859
50.001731
39.358061
39.358426
5.516163
39.388018
39.388281
39.388173
39.388169
39.388063
39.388272
39.387949
39.388036
38.431397
38.370939
49.933192
38.389559
39.472142
39.472296
39.472302
39.408564
50.446116
39.473459
39.473460
39.473497
39.133095
50.518044
36.559953
36.553480
36.553449
36.511249
36.505572
67.099083
36.517198
14.006139
67.192318
2.880181
36.563253
36.517453
36.517664
14.159722
14.159671
14.016291
14.016239
14.016535
14.016348
14.016371
14.016338
14.016341
14.016128
14.049699
14.049717
14.049710
14.049733
14.049661
14.049668
14.049859
14.049829
14.049987
14.035417
14.034885
14.035317
14.035283
14.035241
14.035172
14.035249
36.665199
36.665214
13.939330
7.206739
37.651756
37.846046
37.846158
7.043375
4.071043
37.650966
37.651037
4.081039
47.550496
37.779047
37.877898
37.877993
37.796906
37.796991
47.679471
47.106779
47.124327
29.918696
47.147186
29.969200
37.803846
37.803765
47.270257
47.270474
47.270219
47.270055
47.270131
29.710665
29.710551
47.425801
47.425866
47.425830
47.425759
47.425762
29.914090
29.913992
29.297384
29.800157
29.800429
6.657411
6.615840
47.275250
5.668122
5.668141
47.352806
47.352950
47.353061
6.621198
47.349446
47.349368
47.349445
47.349457
47.275513
-3.198339
33.670377
6.688790
11.669840
14.695088
4.387426
28.103852
28.197615
28.277729
4.221043
11.350333
10.580172
2.635844
2.749615
2.749551
12.903665
13.304038
4.946280
18.190041
12.864847
12.744733
18.229611
18.229728
18.229728
18.229768
18.306001
18.305971
18.306037
18.305871
18.306285
33.614242
33.614129
33.614186
13.290321
33.415280
33.415204
13.040166
20.952927
13.115785
12.759645
31.376514
12.833154
1.523396
12.900816
12.467868
9.236126
12.984041
33.549554
33.549585
1.577213
13.042479
12.690543
12.639641
12.605043
60.626396
7.592066
13.892223
7.831952
7.650122
1.947051
1.946822
1.947080
12.757583
12.504431
7.892373
7.892362
7.892524
7.892433
7.858855
7.858696
7.858969
7.899820
7.899912
7.899803
7.899796
7.899810
12.384982
7.803701
7.803828
7.803613
1.880205
12.182741
12.182655
1.949434
1.949460
1.949399
1.949197
8.158926
8.159089
2.097664
2.097675
13.559444
11.985927
11.986022
7.722272
7.722325
7.722258
7.722363
7.722229
7.580516
7.903134
15.063856
12.620324
12.619976
14.643573
7.551473
7.551478
11.054059
11.054084
11.054130
16.428079
21.251159
16.447188
11.062022
11.062048
11.062064
64.146736
15.718509
14.497548
11.003117
11.003129
11.003101
17.860951
10.273619
16.142989
1.312516
14.703381
16.518283
41.733564
41.733691
1.207989
15.324031
17.897850
25.793011
64.313841
64.313757
11.084994
11.084966
11.085069
12.006526
14.636618
1.240310
15.749512
1.637278
12.182130
64.190136
64.359787
64.359660
25.694462
1.660679
12.638073
12.566179
12.588222
64.187302
64.187586
12.613157
51.567987
47.920321
47.966796
7.798773
47.897558
47.915430
39.460243
15.501175
39.347701
39.504100
39.505523
39.560860
39.473494
12.605781
26.588352
28.097715
62.328275
62.328112
19.314550
62.257507
62.257299
62.257440
62.257368
62.257445
29.027425
29.027515
29.027568
13.209483
62.283895
62.283973
62.283981
62.283931
62.283898
62.283864
62.283867
63.263214
62.303222
62.184111
62.183949
62.183997
62.183967
62.183969
62.226712
62.226988
62.226883
62.226689
62.226839
62.226674
62.226644
17.762454
17.867934
47.750838
47.578585
47.707551
47.666019
18.613958
32.803323
32.404079
32.464769
13.264338
14.212367
14.212570
2.791947
2.689682
14.312620
14.312842
11.649860
11.649968
16.907363
13.206872
11.590057
11.590113
13.113795
-0.470670
-0.356423
-0.339504
-0.536932
-0.316348
-0.357815
-0.462479
54.492511
2.739128
56.759340
2.635913
2.403272
2.403411
2.403472
54.529813
67.290266
67.269637
67.367778
67.374244
8.376064
41.107155
26.518772
41.131655
41.131568
41.022273
41.022110
41.022128
41.220416
41.252580
41.206690
54.466115
31.097394
31.097428
26.334694
56.937046
27.224954
56.877727
56.877753
56.877602
56.833073
56.833074
25.962000
26.000697
26.071397
56.812198
56.812090
56.812051
26.007266
26.017594
56.868332
56.788937
56.788966
56.788889
22.042623
22.042642
21.916466
56.793585
21.931458
27.439356
28.208325
28.208270
27.383219
21.898074
21.898174
47.578589
47.578694
26.854851
26.854748
28.147566
28.147720
21.952541
47.539800
47.540062
47.625992
47.621432
46.927743
27.536197
27.536102
27.536220
27.536417
47.666747
47.615513
47.046014
27.206163
27.206369
26.885606
27.314952
27.891776
27.891635
28.573994
27.273454
-1.717593
27.885808
27.885723
27.885775
27.885771
34.783960
34.783974
34.784155
-1.688960
31.473713
31.473868
16.517791
28.502885
28.502999
28.502798
28.503106
28.502893
28.502949
28.502926
16.485045
27.789038
28.266467
28.266451
28.266458
28.389157
28.388994
28.389261
28.389064
28.389178
28.388962
28.389016
58.990881
28.328957
27.938341
59.035188
28.192261
28.278346
59.033322
67.501924
53.810824
67.501953
17.938583
18.055180
64.101093
29.326669
53.623438
29.377429
29.420151
29.269911
29.510092
29.417370
53.621022
-1.655262
53.796499
53.612823
-1.707171
40.825906
8.470825
40.799215
-1.645655
-1.694336
57.639288
8.330062
-1.537977
40.847721
32.418220
30.298895
37.072824
30.330846
57.656124
30.156535
55.231873
55.231613
21.932728
31.792308
21.869904
-1.341833
-1.363416
55.259244
22.066927
31.967030
-1.165232
-1.119465
35.255776
36.464232
36.568126
36.498725
36.580740
36.606130
51.770269
51.684114
51.756571
51.838879
51.838743
32.681457
55.368068
-1.000758
-0.827810
55.375869
23.091205
22.909970
34.083806
33.195189
34.116092
34.194289
13.920653
30.143153
7.808540
32.005317
65.928885
7.730091
65.827395
1.250404
65.858151
7.787971
1.169282
1.265879
58.279254
58.279184
58.279202
32.626065
32.606922
47.314937
47.315223
32.414064
58.502930
58.502454
58.502332
32.612114
32.690391
58.296303
58.296732
58.296421
58.296517
58.296539
58.296421
58.296449
-0.808905
47.268002
47.267688
47.267773
47.241696
47.241391
47.241430
25.153050
-1.837348
11.209535
11.253990
11.014427
11.132461
50.575228
50.483827
37.882920
37.883017
37.883033
37.872051
37.872123
37.872070
37.956232
37.956204
37.956201
50.411213
50.588188
50.583323
50.436359
50.544266
37.977276
37.977322
37.977634
41.004180
10.467879
24.383395
61.130281
48.323437
39.074670
39.135232
48.263971
39.015855
-1.403595
28.085802
24.403140
48.309107
28.123783
15.252117
15.384960
15.241967
27.507536
27.507586
-0.473349
-0.754571
30.319256
30.269698
30.269616
30.492012
-0.887491
30.512833
30.513207
30.223953
30.223879
30.426705
35.609967
30.426525
-0.016246
40.433274
40.500860
40.408906
40.533768
0.109947
0.016057
0.015629
40.590086
40.512939
40.407726
0.073302
57.946725
57.911813
-0.497614
-0.497578
57.855449
-0.015500
33.929512
55.946710
55.946851
55.946473
55.782421
55.782330
55.925439
55.799724
55.799725
55.799904
7.695374
47.554247
26.719576
26.726806
58.130220
58.211723
58.105280
58.352620
26.960719
26.536818
47.686468
58.152441
58.225248
26.368272
58.176140
26.372063
60.249403
26.838290
64.495285
64.548487
60.137980
64.420114
63.723427
63.850826
63.850710
63.850743
11.634641
40.135860
40.410970
-2.375824
33.707258
40.295097
33.789249
33.816483
33.870405
18.088346
56.212536
56.212559
5.330866
-1.816997
-1.817131
-1.945143
62.212065
2.984623
3.009605
2.955957
26.521564
26.473785
-0.161819
-0.101864
54.270894
43.502783
43.462083
43.461779
22.362888
22.396207
22.354760
28.454067
52.714363
28.303854
52.786190
28.376662
52.795801
52.823675
52.906972
26.210892
26.210748
54.173287
26.196117
26.196080
54.141062
53.846425
-2.966442
54.200860
41.631987
41.631955
54.170316
52.579532
54.247940
53.343084
46.139196
41.803028
41.802947
53.313623
41.737650
41.737599
53.686601
41.761353
53.328906
53.752021
53.867829
53.765566
53.424204
53.832975
53.418283
14.042897
14.135585
52.570717
53.455911
43.924708
-3.134249
43.926472
43.968995
44.163019
51.951649
52.201269
44.112962
51.937927
44.041877
52.026704
43.904175
51.956268
54.740446
52.116225
36.136965
52.629720
-0.442441
52.818101
52.624480
11.401902
11.401832
11.495476
11.495300
11.414667
52.688813
52.737856
51.824169
23.270735
23.270794
53.910797
51.980692
52.871170
53.116199
52.303544
52.303685
52.303898
52.303576
52.303377
52.973334
52.484905
53.090976
52.425355
52.425442
52.425348
53.865909
52.345869
52.346451
23.282116
23.281847
53.968652
44.935110
52.474816
52.474903
52.282231
52.386733
52.386930
53.050998
52.297470
52.297846
52.297446
52.297575
53.036482
52.308156
53.081459
52.253925
52.531578
52.507031
52.506987
52.506892
52.506971
52.506911
51.710473
52.469636
52.469693
52.469438
52.508199
52.508264
52.508224
52.508325
25.045249
25.045391
25.045360
25.045509
53.063721
41.845054
52.999234
53.343515
52.867013
41.826532
41.765158
52.006786
25.267143
52.494922
53.188293
53.322184
51.962144
52.028512
53.425953
53.168639
56.586552
56.586599
52.004063
53.277005
56.665994
56.665983
52.077640
52.188634
46.704038
53.237345
51.910126
52.228652
46.573436
52.102970
53.535422
52.021172
52.021429
53.400860
56.828608
56.828577
52.279808
56.729284
52.248322
53.404660
52.066666
53.565338
52.010648
53.368464
49.601377
52.199714
52.181362
52.024228
53.360878
52.197629
53.412603
53.386730
47.790321
49.508153
49.433891
-0.022399
1.592012
1.724933
-0.030290
19.556162
19.556190
19.556119
19.749230
23.975277
23.971449
38.675888
38.568849
38.530690
38.530689
42.150935
26.607024
38.620950
22.840716
38.497836
38.573594
23.030088
42.175050
42.174969
26.620946
26.620862
42.235444
42.235475
42.075342
42.277708
37.835451
37.761143
37.723333
37.650252
60.426791
60.430808
60.484209
60.536168
26.537397
42.770450
44.663811
42.537723
44.631417
42.641432
42.641386
1.375026
1.349752
42.719091
42.718773
1.356517
42.687179
38.943419
39.006058
42.586746
42.566275
47.790663
38.992292
42.130475
42.738478
-0.888647
41.999118
24.508156
-0.234450
-0.152119
33.011736
24.477160
24.722806
-0.307019
32.744451
24.641977
24.688797
32.887329
28.311075
32.858774
13.457337
35.824700
35.813023
2.156621
49.210193
3.653367
49.282176
49.089608
3.689211
48.751434
0.150692
3.549325
49.205329
48.651692
49.185411
48.697033
49.222121
48.768946
58.786347
36.662576
58.762760
44.542060
64.333469
62.269434
62.198272
62.177402
0.389044
0.389023
2.725970
35.331963
35.349160
-0.623562
-0.623619
6.467544
6.467344
6.467159
6.700270
6.551881
6.551869
6.551877
1.874122
1.874178
1.874089
1.903462
1.903465
1.903447
1.903395
1.833700
1.833624
1.833604
1.833886
39.354705
40.584954
-1.887990
-2.060877
-1.988749
-2.053706
50.246930
9.037203
9.038760
9.038856
8.986677
8.986476
27.157470
27.233661
16.777182
16.731686
16.747918
16.788887
16.408799
3.559266
58.848176
58.967806
18.747832
58.807130
58.874283
22.312292
-1.133674
-1.235767
52.939941
52.746546
52.685458
52.761865
52.826690
52.826584
52.716089
52.914024
52.913995
52.891325
52.891243
49.560975
52.879669
52.879709
38.275233
38.397365
38.447091
38.382581
1.687145
1.687035
1.687094
1.769196
1.673318
1.673388
1.673263
42.445295
42.282380
42.357755
1.733639
1.733694
1.733634
61.626087
42.309459
10.394348
10.311549
10.494107
10.494192
10.381764
3.441831
3.375143
1.692012
1.692061
1.692253
1.692066
3.116791
1.126030
57.848697
57.975587
57.975821
57.933788
33.607636
33.607464
33.607471
5.453772
5.380593
56.282542
56.455639
56.474537
5.770876
56.364117
5.638437
56.521381
52.727078
52.879407
36.847416
56.175431
4.369964
4.367334
4.286952
12.412504
4.325911
0.758129
0.794302
41.936566
6.735321
56.175862
56.175740
56.175795
56.175714
0.051362
55.367207
0.085476
-1.019233
-0.940462
-0.976279
6.927702
-0.636167
-0.671973
42.826135
6.216568
0.193955
0.193954
53.978119
53.960159
20.268200
20.190804
7.621723
7.807183
7.702124
27.700838
51.619154
51.613610
51.613640
51.613732
59.283180
59.252265
16.843687
10.634442
39.752653
7.476161
7.436596
24.501098
24.346427
23.987057
32.726158
24.007879
24.018371
4.663507
32.730879
23.441836
55.662616
57.940730
57.940756
57.940466
57.940364
55.659344
22.489572
16.258626
57.878083
57.877981
54.584875
16.326267
57.938788
57.938983
53.538881
53.471886
6.004362
17.226873
17.287259
5.924855
17.117957
31.040423
48.805867
48.805551
48.769160
48.769132
48.769163
48.769155
48.787231
48.787102
48.824826
48.825083
48.824906
2.409474
48.703161
2.439672
48.726801
48.726799
35.311753
35.311872
35.191136
35.191166
35.175913
35.175997
21.399921
12.752680
18.553403
21.301021
21.408751
24.592199
8.716529
55.234072
46.185674
35.215307
33.079699
27.466002
27.483690
27.483763
8.768279
43.147962
43.246061
43.246163
43.246047
42.946472
43.398513
43.398632
43.398423
43.398514
43.398433
43.398479
32.974940
32.975039
32.975038
32.924011
32.924081
32.923942
32.923908
32.924060
32.923801
32.901504
32.901364
32.901372
32.901616
32.901540
32.901466
32.901440
32.901596
32.901554
32.901236
32.901534
27.302753
27.284869
26.671392
51.400288
51.304715
51.370743
19.414398
46.540341
34.764868
12.435204
34.849670
12.769197
39.295309
43.787190
38.941038
38.941020
39.143404
39.143370
35.010281
39.069953
39.069498
39.080852
39.080721
35.021628
35.021587
49.919953
49.919946
40.817816
49.878844
39.562142
51.793952
39.676126
39.676216
39.676238
44.594739
39.544629
39.544500
39.544634
44.581214
40.843295
39.345519
24.429400
38.323341
39.398505
39.505408
37.630480
41.314581
34.114566
33.966711
33.935447
40.296578
33.230371
33.211741
40.487662
36.249293
18.512034
18.512226
18.512376
28.850145
43.711398
43.812454
46.720404
43.598558
46.557425
47.089975
46.746909
46.746969
46.662903
46.662872
39.059316
44.250495
44.239451
53.070059
52.989682
34.881206
34.860692
34.942412
34.971448
34.974410
35.604355
39.769119
39.769159
39.769101
39.610606
39.832153
39.831970
27.912475
35.411343
27.799861
37.737229
37.725819
37.906332
64.202537
64.202547
64.202550
64.202645
34.094157
60.335229
24.102059
24.102065
64.167492
64.104165
30.549758
64.100921
58.928887
58.928928
60.221838
57.424976
43.815397
59.841506
58.700324
64.161032
64.062506
59.796574
58.007926
59.621092
58.801308
58.801221
58.801246
58.801307
58.801331
58.801340
58.801331
58.801406
58.801162
58.801212
58.801492
26.577667
26.577466
26.577778
26.637703
26.637909
26.637625
26.703085
26.702928
26.703041
35.570148
57.841495
57.841543
57.841475
59.802095
32.188760
32.052160
32.051974
32.051750
32.052191
32.240511
32.240680
32.240414
32.240610
59.851571
59.851615
53.206522
53.165541
-0.969855
-0.979768
-5.848734
-7.549756
-7.540990
-7.541001
-0.751845
-0.847942
-0.720504
0.204043
0.110643
0.199528
1.304335
0.373000
6.954286
28.051961
28.234708
4.289142
18.227484
18.175243
18.175111
18.902683
18.798321
-0.955572
-0.933026
-0.988767
0.044170
-0.975558
-0.342367
0.452179
0.418891
0.123552
0.114118
0.664104
-0.354970
0.939247
0.808140
0.332405
1.007989
0.941827
0.201885
0.201893
0.413784
0.264441
0.196269
0.196214
0.253469
0.253586
19.441136
19.511149
19.394111
19.563243
-0.060328
-0.292162
0.449143
0.657769
12.105364
12.024145
12.105781
0.749894
0.725692
-0.815720
20.669305
20.529476
20.605971
20.517778
-0.258754
-0.217182
-0.362504
13.705190
13.732049
22.554027
26.823448
26.821854
26.868324
26.826801
26.996352
3.303859
3.303658
3.413926
3.413976
18.811141
5.553391
20.657363
20.648673
20.706285
0.280398
0.120278
12.337013
12.336855
0.330683
7.576292
2.120537
1.962605
18.734231
3.521776
3.521704
0.540268
0.579301
-2.274782
1.834189
1.593157
25.511315
8.085534
19.761410
19.712991
19.850406
19.832475
-0.930061
-1.014718
-1.010369
-0.852030
-1.047096
16.728438
28.438220
-0.396083
-0.113425
-0.605065
-0.127665
0.237470
0.129143
0.114963
0.284718
-0.282356
15.032123
0.227524
-0.297535
0.290929
0.136645
-0.567029
0.265541
19.718730
0.098826
0.121837
-0.371430
-0.858664
-0.081630
20.755508
21.279552
21.279775
0.359085
0.335490
0.377488
-9.053999
-8.925379
0.231512
9.151180
0.968898
0.934139
-2.439645
15.655595
-2.167789
0.879899
-2.272579
2.184971
2.225745
20.122369
20.160894
20.517920
20.650760
20.040269
20.546964
5.926674
3.458836
-0.072273
-0.142951
-0.123364
-0.123470
-4.846141
-6.437299
-6.505917
-6.505838
-6.484216
-6.484246
-6.455607
-6.455149
-0.349742
