56304.222130
55534.716447
55534.265127
55534.716447
55534.265127
55534.716447
55534.265127
55534.265127
55534.265127
55534.716447
53180.675058
55534.716447
53180.675058
55368.853275
53180.675058
53180.675058
53714.846470
53714.846470
54620.810139
51903.721435
51903.721435
54993.318889
54995.313113
57386.405741
54291.714826
54291.714826
54993.318889
53926.947616
55001.633090
52990.870046
52990.870046
56086.157616
56086.157616
56086.157616
52274.800347
53007.868935
53007.868935
53007.868935
53007.868935
53912.315023
53912.315023
53912.315023
54830.445833
54830.445833
53912.315023
53912.315023
53012.791238
52079.846227
54446.878322
52079.846227
54088.102708
52079.846227
54446.878322
52079.846227
54446.878322
54646.866782
56457.261887
55720.517581
56644.022650
56457.261887
56457.261887
55720.517581
52257.800660
53365.828634
53365.828634
53908.352512
57196.390336
52824.338576
52824.338576
57034.590718
52824.338576
52281.582616
55206.792384
55215.480856
55556.807211
55556.807211
53569.641042
52447.402431
53569.641042
53547.672257
57209.388970
57209.388970
53202.992014
53202.992014
57209.388970
53202.992014
54296.004560
51924.002998
51924.002998
53553.480648
53553.480648
56841.975475
56842.701111
53553.480648
56843.447627
56843.447627
53553.480648
53553.480648
53553.480648
56842.086528
56843.381678
56842.152500
56842.635127
57568.773681
57568.773681
56843.030961
56843.096944
56843.096944
56843.249722
56843.249722
56849.951921
56850.755093
56849.951921
56850.689132
56849.951921
56849.951921
56850.689132
56850.689132
56849.951921
56849.951921
56850.821076
56850.074537
52835.359745
57202.972072
52835.359745
57202.972072
52835.359745
57202.972072
57202.972072
56850.887049
56851.369676
56850.140532
56850.140532
56850.887049
56850.623160
56850.623160
56850.953021
56850.953021
56850.953021
56850.953021
56850.953021
56850.953021
53025.728588
57024.619549
56850.272477
57024.619549
56850.272477
54299.898368
57024.619549
54299.898368
57024.619549
56850.359271
56851.084977
56850.359271
56850.491215
56851.237731
56851.237731
56850.425231
53036.800509
56851.150926
54108.815451
54108.815451
54108.815451
55385.296539
56857.929271
56857.929271
56857.929271
56857.929271
56857.929271
56857.929271
56858.798438
56859.347049
56858.600521
56859.347049
56858.600521
53013.067292
56858.930382
56858.930382
56858.183854
56858.930382
56858.534537
52831.924630
52831.924630
52831.924630
52831.924630
53942.608681
53942.608681
52831.924630
56858.468576
56667.495475
56859.128287
56859.128287
56859.128287
56859.215104
56858.402593
56858.468576
55009.275289
53018.098287
57045.392743
57045.392743
57045.392743
57046.752639
57045.392743
53013.775949
57046.138044
57589.049722
57045.392743
57045.392743
53013.775949
57046.204028
57046.006100
57046.006100
51924.474965
51924.474965
52275.716782
51909.951134
52275.716782
57046.401956
57045.940139
51909.951134
57031.433171
52631.926262
51909.951134
52275.716782
57031.433171
52631.926262
52631.926262
57199.222882
57031.433171
54839.823900
57045.808194
57046.610278
57045.874155
55035.201308
55035.201308
57050.827731
57050.147176
57050.213160
57050.761782
57049.532604
57050.279120
57049.598576
57049.598576
57050.695787
55420.079884
57050.477037
57049.730521
57049.883287
57049.817326
56859.922940
56859.922940
56861.406678
56859.922940
56859.922940
56859.922940
56289.695312
56860.660139
56861.406678
56859.922940
56859.922940
56861.406678
56860.045556
56861.340694
56860.858067
56860.858067
56860.111551
56860.111551
57051.380937
55009.991146
57051.380937
57051.380937
57051.380937
56860.924039
57051.380937
57051.380937
57051.380937
56860.924039
57051.380937
56860.528194
56860.990000
56860.990000
56860.528194
51916.451701
56861.208750
56861.121944
53019.503461
53019.503461
53019.503461
53019.503461
53019.503461
53019.503461
52633.941100
52471.138958
52472.515463
56875.360903
52633.941100
56873.884236
54681.208391
52633.941100
52472.515463
52471.138958
52472.515463
52633.941100
52471.138958
56875.360903
56875.360903
54681.208391
56875.360903
52633.941100
52471.138958
56874.614375
56873.884236
52633.941100
52471.138958
52633.941100
52471.138958
56873.999803
56874.746319
56873.999803
56879.211516
56874.746319
56879.211516
56874.065752
56874.065752
56874.065752
56874.065752
56874.878252
56874.878252
52469.413819
56110.374468
56874.197708
52469.413819
52469.413819
56874.197708
56874.284502
53018.774537
56875.076181
56874.350486
56874.350486
56874.350486
56874.350486
53018.774537
57204.181458
55036.249873
55036.249873
56115.351019
52276.064757
53202.331736
52276.064757
55036.249873
52276.064757
52276.064757
53202.331736
52276.064757
55036.249873
53202.331736
56115.351019
57384.438819
57384.438819
53202.331736
57384.438819
53202.331736
53202.331736
57384.438819
54275.328634
53007.073981
57030.136030
57030.136030
53565.285069
53565.285069
53565.285069
53402.836192
53046.867199
53565.285069
57423.054977
57423.054977
57423.054977
57423.054977
57423.054977
52470.441146
51754.895602
51754.895602
53216.659630
53023.927523
55935.967708
53023.927523
53216.659630
56139.259745
53023.927523
56139.259745
53023.927523
56139.259745
56139.109294
56139.259745
55195.506007
55931.951447
55195.506007
56687.518125
55195.506007
56119.302488
55939.815625
56687.518125
56687.518125
55931.951447
55939.815625
56119.302488
56119.302488
56138.979664
56139.109294
56138.979664
55776.138530
55939.815625
56687.518125
56687.518125
55939.815625
55935.838079
56138.850035
55931.821817
55776.138530
55939.665150
55939.665150
53919.152604
55776.008889
55939.665150
56119.172859
55776.138530
56119.172859
56138.850035
55939.665150
55939.665150
55939.665150
55939.665150
55939.665150
56138.850035
56138.850035
55935.666782
55945.908218
56691.583495
55939.665150
55939.665150
55939.514699
55931.650532
56691.583495
56691.583495
55939.514699
55945.908218
56691.583495
55935.666782
55935.537153
56691.583495
57242.268356
55935.537153
55775.879248
55939.514699
55939.514699
55945.908218
55939.514699
55939.514699
55931.650532
55931.650532
55939.514699
55931.650532
55939.514699
56138.590775
55939.514699
56138.590775
55935.537153
56691.736076
55945.736933
55775.619965
55775.619965
55945.736933
55931.520891
55775.619965
55775.619965
56138.461134
55949.079734
54685.103819
56691.736076
55945.736933
55949.079734
56138.461134
56138.461134
56837.214711
56691.736076
57057.356181
56138.461134
57057.356181
56691.736076
55939.385069
56118.892778
55939.385069
57057.356181
55775.490336
56118.892778
56138.461134
55949.079734
57057.356181
55775.490336
57057.356181
53216.899711
55775.332812
56138.310683
55775.332812
55931.391262
55775.332812
55939.255440
55939.255440
55931.391262
55945.607292
52284.791181
56875.909803
55948.950093
55935.407523
55931.391262
55931.391262
55775.203171
52284.791181
56875.909803
52478.317998
57057.533669
55945.607292
55945.607292
52284.791181
55931.391262
55948.950093
55931.391262
52478.317998
55939.255440
55931.391262
55948.950093
57057.533669
56118.742303
57057.533669
55948.950093
55935.407523
55939.125810
57057.698032
55775.074757
57057.533669
55945.477662
57058.072801
55948.799641
56118.612674
55945.477662
57058.072801
55948.799641
55935.127419
55931.261632
55939.125810
55931.261632
57058.229282
55939.125810
55931.261632
55948.799641
57058.072801
55935.127419
56118.612674
55939.125810
57058.072801
55935.127419
55948.799641
57058.072801
57058.229282
55935.127419
57058.229282
55938.975336
55945.348032
55938.975336
53406.805602
55934.997778
55945.348032
55582.924190
53406.805602
53406.805602
55931.132002
55934.997778
55938.975336
53406.805602
53406.805602
53406.805602
55934.997778
55938.975336
55934.997778
55931.002373
53406.805602
55931.002373
55934.847315
55938.824884
55931.002373
55938.824884
55934.847315
55934.847315
55931.002373
55931.002373
55934.847315
55934.847315
55934.847315
55930.851910
55930.851910
55938.696470
55945.088773
57057.888113
55938.696470
55938.696470
55945.088773
55934.718900
55945.088773
57057.888113
55938.696470
55934.718900
55938.696470
55938.696470
55934.718900
57057.888113
55934.718900
55934.718900
55944.959144
55944.959144
55934.718900
55944.959144
55575.753368
55930.723484
55582.870602
55575.753368
55944.959144
55575.753368
55575.753368
55582.870602
55582.870602
55575.753368
55575.753368
56128.016481
55944.959144
55930.723484
55575.753368
54116.278970
55575.753368
55930.723484
55575.753368
55575.753368
54832.953727
54111.025694
55930.723484
54832.953727
54111.025694
55197.132211
56120.716713
54111.025694
54832.953727
55575.753368
57210.465428
54832.953727
55197.132211
56120.716713
56120.716713
54832.953727
54111.025694
54650.330301
53920.494306
53920.494306
54650.330301
54120.680509
54110.042928
53920.494306
56128.016481
54106.789653
57228.867014
57210.465428
54110.042928
55773.809236
54120.680509
54120.680509
55773.809236
54110.042928
57228.867014
57228.867014
54110.042928
57228.867014
54106.789653
55944.808692
54110.826620
55773.809236
54110.042928
57228.867014
55944.808692
55944.680278
54120.680509
54106.789653
55944.680278
54110.826620
54110.042928
54110.042928
54110.042928
55944.680278
57228.867014
54106.789653
53956.322338
55773.809236
52498.254271
55944.680278
53920.823009
54108.251551
55944.680278
54110.826620
53920.823009
54650.818727
54109.797546
53956.322338
54650.818727
54110.826620
54651.110139
54110.826620
53956.322338
54109.797546
54650.818727
52498.254271
54109.797546
53956.322338
54108.251551
53920.996030
54108.251551
53956.322338
52498.254271
54110.826620
53956.322338
54109.797546
52498.254271
52498.254271
52494.644780
52494.644780
52646.195475
52494.644780
53920.996030
54650.818727
54114.862616
54651.110139
54651.110139
54110.627558
54651.110139
54114.862616
52494.644780
54108.052292
54110.627558
54109.797546
54650.818727
54108.052292
54651.274502
53920.658657
54108.052292
57219.298958
54650.818727
57059.837060
54109.797546
52646.195475
54651.274502
54651.274502
52494.644780
54110.627558
57219.298958
54108.052292
54108.052292
54108.604097
57219.298958
54108.052292
54651.274502
54110.627558
57219.298958
54110.627558
57219.298958
57247.036007
57219.298958
54112.044074
53947.126030
54112.044074
54108.604097
54112.044074
51758.884699
51756.943715
54108.604097
54688.438738
57247.036007
51758.884699
51756.943715
54110.627558
51756.943715
51758.884699
57219.298958
57570.964525
57570.690220
57247.036007
54112.044074
57219.298958
54688.438738
53947.126030
57247.036007
51758.884699
51756.943715
57570.690220
51758.884699
54110.428484
57570.690220
54112.044074
51756.943715
51758.884699
54108.604097
53930.647280
57219.298958
51756.943715
51758.884699
51758.884699
51756.943715
51756.943715
51758.884699
54108.604097
57755.627234
57247.036007
54832.757245
57571.867813
54107.792720
57570.690220
57793.491111
54112.044074
54112.044074
57793.491111
51762.873681
51762.328611
57793.491111
57570.690220
54108.604097
53930.647280
52495.244583
54110.428484
54107.792720
57570.690220
54832.757245
57571.867813
57247.036007
57570.964525
53930.647280
52495.244583
54832.757245
51762.328611
57755.627234
57570.964525
54834.969468
52495.244583
57793.491111
52495.244583
57755.627234
57793.491111
51762.328611
51762.328611
57755.627234
52495.244583
57793.783947
53930.647280
54110.428484
51760.879155
57793.491111
53930.647280
57570.964525
54834.969468
54832.757245
57572.183785
57570.964525
54108.450104
57754.321204
53947.290949
51760.879155
51760.879155
57755.627234
51762.328611
57755.627234
57755.627234
57793.491111
54684.150093
51760.879155
54834.969468
54108.450104
57572.183785
54108.450104
57754.321204
54832.346840
57572.183785
54110.240972
54834.969468
54834.969468
54834.969468
57793.783947
57573.084838
57754.194479
55582.098854
54832.346840
57572.460995
57754.447951
55582.061817
57572.183785
54110.240972
57572.460995
57754.447951
57754.321204
57572.183785
54108.450104
51760.879155
57574.072917
57754.447951
57572.460995
57572.183785
57574.072917
55582.098854
57572.460995
57754.447951
57754.194479
54106.602153
57574.072917
51760.879155
54832.346840
54110.240972
57754.194479
52844.568738
57573.084838
52844.240023
54106.602153
57793.783947
54106.602153
54832.346840
57572.738194
52665.844525
57572.460995
57754.447951
54110.240972
57754.194479
57573.084838
57574.072917
57572.738194
54110.240972
57754.447951
54106.602153
57574.072917
57754.447951
57572.460995
52500.614039
57574.072917
52501.061088
52844.568738
57754.194479
57574.072917
57754.447951
52500.614039
52500.614039
57574.072917
52500.614039
52664.322118
57574.361690
52501.061088
54832.346840
52501.061088
52500.614039
57572.460995
52664.322118
57574.361690
52664.322118
57574.361690
52844.568738
57573.084838
54832.346840
52664.322118
57574.361690
57754.194479
52844.568738
57574.072917
52500.614039
52501.061088
55582.172917
52501.061088
57756.363345
57574.918981
57574.361690
52501.061088
54677.431343
53938.355104
52501.263900
57574.644676
57756.363345
52501.061088
57756.164271
57575.945104
57769.884317
52500.614039
52844.240023
52501.061088
57576.184722
57756.562431
52500.845544
57574.072917
52500.614039
57769.884317
57575.193275
52844.568738
52664.322118
52664.091169
52500.845544
54832.141979
57575.945104
52500.614039
57756.164271
53938.355104
52664.091169
57756.164271
57756.562431
52844.392813
57769.884317
57756.363345
52664.091169
52500.614039
52664.322118
57574.361690
57757.898981
57576.622859
52664.322118
57756.363345
57574.918981
52844.392813
57756.164271
57576.184722
52500.845544
57756.562431
57756.562431
52500.845544
57576.184722
57576.622859
57757.898981
57574.918981
52844.392813
57756.363345
52501.263900
57769.884317
57575.193275
57756.363345
52844.392813
53930.256910
53923.166690
57576.622859
57757.898981
52664.091169
52501.263900
52501.263900
55053.507187
52664.091169
53930.256910
54832.141979
57756.164271
57575.945104
52500.845544
57576.184722
57575.193275
52500.845544
52501.263900
57576.622859
52285.459016
57574.918981
57756.363345
53922.837986
53922.837986
52285.459016
57575.193275
57769.884317
52501.263900
52501.263900
52285.459016
55053.507187
52501.263900
53922.837986
53923.166690
55053.507187
57576.184722
52285.459016
57576.900058
53922.837986
57758.025718
52667.838808
53923.166690
57575.193275
57576.900058
52844.717558
53922.837986
57758.025718
57757.898981
52667.838808
53923.166690
52305.896319
57577.168565
57754.565995
55053.507187
52844.075683
57576.622859
57395.855764
53922.837986
57598.518461
52285.459016
57576.622859
52285.459016
52285.231956
55053.507187
57576.900058
57598.786979
57758.025718
57576.900058
52470.764861
52844.075683
53922.837986
57576.900058
57758.025718
57758.025718
52844.075683
57598.249942
52470.764861
52285.231956
55053.507187
53927.625127
57395.855764
53922.837986
53923.166690
57598.786979
52470.764861
57598.249942
57598.518461
52844.075683
57598.786979
57758.143785
57395.855764
53927.625127
57598.518461
52305.592731
57598.249942
57598.786979
57598.249942
57598.249942
57598.786979
57598.249942
52285.231956
57598.518461
52305.592731
52305.592731
57598.249942
57598.518461
52285.837118
57598.518461
57576.900058
53927.625127
57218.215532
57598.786979
57613.081181
52470.764861
57598.518461
52305.592731
57599.065903
57576.900058
54832.535336
57760.741412
57614.215498
57613.081181
57599.065903
57613.081181
57599.065903
57613.081181
54832.535336
57599.065903
57614.004838
57577.168565
57754.565995
57218.215532
53927.625127
57614.004838
52303.413356
53927.625127
52481.204410
57613.081181
54832.535336
54832.535336
57599.065903
57760.741412
52481.204410
54832.535336
53925.338981
57760.741412
57760.741412
57613.081181
52285.837118
52285.837118
57614.004838
54832.535336
57218.215532
57614.004838
53927.460764
52285.837118
53371.839641
52303.413356
52285.837118
52285.648067
57614.215498
57760.741412
52285.837118
52481.204410
57760.741412
57614.215498
54832.535336
52285.837118
53371.839641
52285.648067
57614.636794
52480.720451
57759.646493
52480.720451
57759.646493
53927.460764
53371.839641
57759.646493
57612.007130
52470.948958
52470.948958
53923.002338
57614.426146
53371.839641
52468.943148
53371.839641
55582.510995
57612.007130
57614.426146
53927.460764
53371.839641
53371.839641
52470.948958
53922.664954
57614.636794
52470.948958
53923.002338
57614.426146
57794.064028
57614.636794
57766.662674
57614.636794
53923.002338
57612.007130
57614.426146
57614.636794
57614.636794
57760.229826
57615.068495
57612.275637
57612.007130
57766.662674
57614.636794
52658.216181
52480.329086
52286.035417
54684.608981
53922.500590
52480.329086
53927.293299
57760.485613
57760.229826
52093.312118
52093.312118
57612.275637
57760.485613
57760.229826
57760.485613
52286.035417
57760.485613
53922.500590
54684.608981
53922.500590
54684.608981
52480.329086
54684.608981
52480.329086
52286.035417
57760.485613
57615.068495
52093.312118
52093.312118
54684.608981
52480.329086
53922.500590
57612.275637
54684.946377
57758.261829
53922.500590
54684.608981
52480.329086
57615.068495
52286.035417
52502.618565
53942.889201
57758.261829
57612.275637
54684.946377
53923.668414
53922.500590
57760.485613
57614.847454
52502.618565
52301.649734
52286.035417
52301.649734
52301.649734
53942.889201
57612.275637
53923.668414
54684.946377
52301.649734
57760.229826
57762.042211
52502.618565
57794.263102
57763.489479
57760.485613
52469.127245
52307.524352
57794.263102
52502.618565
52301.649734
57612.544167
54684.946377
53942.889201
53923.668414
52480.536331
53923.668414
54684.946377
57612.544167
53942.889201
57762.042211
52480.536331
52301.649734
57762.532951
52502.618565
57762.287581
57762.532951
57762.532951
52300.147963
57762.287581
57762.042211
52481.388519
57763.489479
52300.147963
53922.278368
56112.069491
52481.388519
57762.287581
52481.388519
55417.085498
55604.700775
55604.700775
55417.085498
57762.532951
57763.827454
57761.796829
57794.263102
57764.318194
57762.287581
57764.072824
52481.388519
52481.388519
57762.532951
57763.827454
57764.563576
57766.417326
57763.827454
57762.532951
57612.812685
53922.278368
54684.444641
53923.504074
55417.085498
52303.751725
57764.318194
57764.318194
52303.751725
57766.417326
55604.700775
57764.563576
57764.318194
57766.417326
57764.318194
55569.772315
57612.812685
57764.563576
53923.504074
52303.751725
53923.504074
57612.812685
57763.827454
57612.812685
57766.417326
52470.580729
52470.580729
57764.072824
57764.072824
57612.812685
52303.033356
57764.072824
52502.839722
57612.812685
57764.318194
52299.916690
52299.916690
57764.563576
55586.630486
52502.839722
52299.916690
57763.827454
52502.839722
57766.417326
55569.772315
56112.177049
55586.630486
52299.916690
52481.020301
52299.916690
52481.020301
55765.120475
55586.630486
55586.630486
52481.020301
52299.916690
55783.088125
52299.916690
55586.630486
55586.630486
55765.120475
56112.306678
55586.630486
53923.339722
55783.088125
55783.088125
56123.368032
55765.269734
56112.306678
55765.269734
55783.181655
55783.088125
56112.306678
55783.088125
55783.088125
55765.269734
55783.181655
55783.181655
56112.436296
55783.181655
55765.269734
56112.306678
55765.269734
55568.063993
56112.306678
55581.880417
55568.063993
55765.269734
56112.306678
55568.063993
55568.063993
55783.181655
55765.420197
55568.063993
56112.436296
55568.063993
55783.311713
55765.420197
55783.311713
55568.063993
56112.565926
56112.436296
56112.565926
56112.565926
53398.395093
55765.420197
55783.311713
56112.565926
55765.549826
56112.565926
55783.467465
55568.471400
55765.549826
55581.769294
55783.467465
53398.395093
56112.565926
55783.467465
55783.597083
55765.549826
55783.597083
55568.471400
55568.471400
55568.471400
57426.991227
55568.471400
55568.471400
57426.991227
55765.679468
55765.809109
55765.679468
57426.991227
55581.806343
55581.806343
55765.679468
57426.991227
57426.991227
55765.679468
55783.726713
55765.809109
55783.856343
55765.942720
55765.942720
56113.084456
56113.084456
55766.072338
55765.942720
57058.559988
55783.985984
55765.942720
55766.072338
55783.985984
55783.985984
56113.084456
55766.072338
55766.072338
56113.084456
56113.084456
55783.985984
55581.843368
55784.115613
56113.234919
56113.234919
57035.415926
55766.352454
55784.266076
55784.115613
55784.266076
55784.266076
57047.371042
57035.415926
55784.266076
55581.733495
55581.733495
55581.733495
54686.748125
54686.748125
54686.748125
55055.152627
53747.132558
54845.808773
57222.252083
57222.252083
54845.808773
55055.152627
53747.132558
53747.132558
57222.252083
57222.252083
57222.252083
56856.176551
56888.069456
51755.119537
56848.849583
51754.271262
57056.137986
56856.176551
51754.271262
57056.137986
51754.271262
57056.137986
56848.849583
51754.271262
56856.176551
57056.137986
51754.271262
51755.119537
56848.849583
57056.137986
56848.849583
51754.271262
51755.119537
56848.849583
56888.069456
57056.137986
51754.271262
51754.271262
56888.069456
56856.176551
51754.271262
56888.069456
56848.849583
56856.176551
56888.069456
51755.119537
51754.271262
56486.338206
56486.338206
56486.338206
54133.790822
54133.790822
54133.790822
56490.172153
56490.172153
53782.920961
53782.920961
55207.340914
55207.340914
53930.476227
53930.476227
55207.340914
52836.368808
52836.368808
52836.368808
51954.885012
51954.885012
55225.992581
55225.992581
55225.992581
55225.992581
53785.016181
53205.301366
53212.290104
52681.762789
52681.762789
52681.762789
52681.762789
52681.762789
57627.947141
57627.947141
57627.947141
54133.962118
52327.369155
52327.369155
53026.755995
56356.523530
52578.860694
56023.437106
54926.840058
54372.128183
52205.023495
52205.023495
54012.905880
54182.519097
54012.905880
54182.519097
52018.612975
56747.392361
54582.866250
54008.432512
52025.754444
51826.188727
54040.631586
54008.432512
54040.631586
54911.953877
54911.953877
54379.289549
54748.555752
54748.555752
56376.406065
57146.495000
54938.311065
55657.880347
55496.244514
52925.971111
52925.971111
52925.971111
52925.971111
56388.626285
57316.111551
55867.703495
55867.703495
55867.703495
55313.114583
55313.114583
55313.114583
55313.114583
57127.133229
54551.247280
56571.911933
57305.991713
56572.004502
54914.461319
56572.111215
56572.217940
56572.217940
54744.886875
54744.886875
52764.117118
52764.117118
56032.788843
52552.309387
54208.318669
52552.309387
54208.318669
54208.318669
54208.318669
54208.318669
52552.309387
56934.684271
56934.684271
56934.684271
52756.228843
57309.852465
55117.552685
55117.552685
55117.552685
55117.552685
54560.719109
56415.926910
56388.198623
53464.182639
56574.031238
56574.031238
53851.754954
53851.754954
56574.137928
56574.137928
52392.736759
52212.145637
52392.736759
52392.736759
52212.145637
52212.145637
52212.145637
52392.736759
56964.853032
52392.736759
52212.145637
52392.736759
57122.655880
57122.655880
56965.138125
56965.138125
56965.138125
56965.138125
55131.320498
57316.669618
54200.404086
54200.404086
52921.925093
54579.672049
52026.381435
57148.024525
56595.481238
56595.481238
57148.024525
56595.481238
54229.996493
56595.481238
54229.996493
53837.381389
55664.293079
55664.293079
53837.381389
53837.381389
55664.293079
56965.022963
53837.381389
52928.121794
54389.939826
54389.939826
57143.795208
57145.546968
57121.884502
57121.884502
54410.120231
53462.850810
54410.120231
55327.102847
52189.504780
52189.504780
52203.194676
52203.194676
52197.345347
52197.345347
52203.194676
52197.345347
52203.819387
52203.194676
52203.194676
52197.345347
52203.819387
52203.194676
52203.819387
52197.345347
52197.345347
52203.819387
52203.194676
52203.194676
52197.345347
52203.819387
52203.819387
52197.345347
52940.328449
53498.782095
52940.328449
54425.278299
54425.278299
52197.975926
53653.343958
53653.343958
53653.343958
53653.343958
53653.343958
57135.888368
57135.888368
57135.888368
57135.888368
57135.888368
54930.527801
52743.904722
54930.527801
53469.825903
54930.527801
54930.527801
53841.376053
55670.520984
55670.520984
53108.978507
56417.605544
53108.978507
53108.978507
54203.862060
54203.862060
53108.978507
53108.978507
53108.978507
56417.865289
56419.467697
56417.362083
57671.650104
57671.650104
56419.504792
56420.325914
56419.188380
56420.325914
56420.251690
56418.368507
56419.636968
57335.021933
56420.400162
56985.597650
53825.651157
56434.016620
56420.119502
54565.259259
54208.554213
54940.276076
56433.979502
54940.276076
54565.259259
54208.554213
54208.554213
54940.276076
54565.259259
52377.548310
56433.905266
56433.905266
54208.554213
54940.276076
54565.259259
56419.822569
54210.677338
56050.662037
56433.439028
56050.662037
54038.541933
56050.662037
54038.541933
54038.541933
54038.541933
54038.541933
56433.682546
57310.667014
54038.541933
54038.541933
56034.660451
55311.716134
55706.075937
56034.660451
53457.981551
56578.090602
56578.090602
53457.981551
56578.090602
56059.427106
54601.453738
52746.617350
52777.558391
52777.558391
52746.617350
52777.558391
52756.372199
56962.818206
55132.107106
55132.107106
53289.241331
55132.107106
53840.855903
53840.855903
55487.202407
52751.632373
53289.241331
53840.855903
53289.241331
52025.472315
54593.621389
52025.472315
52954.372083
56037.472396
52753.958947
52753.958947
53689.225706
53689.225706
52753.958947
52753.958947
56044.259977
52751.846632
56044.259977
54204.058090
52751.846632
56044.259977
54204.058090
52751.846632
52744.052303
52751.846632
54204.058090
52744.052303
52744.052303
52752.089225
55698.137801
54948.541053
52752.089225
55873.800961
54413.948137
54948.541053
54948.541053
54948.541053
53318.277350
52752.089225
53651.459306
53651.459306
54948.541053
53651.459306
54948.541053
53318.277350
53651.459306
54777.010544
53318.277350
54777.010544
54791.249155
54792.484062
56771.616065
56769.636736
56767.684734
56761.637477
54062.469051
53322.019699
54062.469051
55161.846134
56224.360995
54754.636933
56224.360995
54754.636933
57510.218449
57129.136690
52374.899016
52381.078137
52381.078137
52381.078137
52374.899016
54774.878715
54774.878715
54774.878715
54226.723403
54226.723403
54040.525694
53312.661319
55305.366794
53312.661319
57351.693009
57351.693009
55303.376632
55305.366794
55303.376632
54581.566343
53322.392454
51854.663194
51854.663194
51854.663194
51854.663194
53322.392454
55303.376632
51854.663194
51854.663194
53322.392454
53292.851586
53292.851586
53322.392454
53322.392454
53292.851586
53292.851586
53143.618542
53143.618542
56966.122234
55899.079375
55887.011586
55897.000856
56988.154595
56961.985463
52975.954005
56982.105394
55871.069931
56986.066979
56964.105139
56984.042049
55893.010556
55869.123137
52766.691644
54950.245289
54950.245289
54950.245289
54595.414051
54595.414051
54595.414051
54775.008345
54595.414051
54595.414051
54775.008345
55709.493125
54595.414051
54595.414051
57696.051273
55709.493125
54585.633356
55709.493125
55709.493125
52402.926748
52402.926748
57729.532882
54950.130127
57729.532882
54950.130127
52404.927141
52039.861597
52039.861597
53274.309167
52380.731424
55830.195185
55668.647106
55888.045093
52374.734630
52035.416053
54950.365602
54938.459502
54924.723032
52235.697882
53274.309167
55888.045093
53500.561238
53895.332280
53865.147315
53895.332280
53865.147315
53866.839884
53312.267315
53864.848738
53348.318241
53895.332280
53865.147315
53348.318241
53895.332280
53865.147315
53312.267315
53866.839884
53865.147315
52380.731424
52374.734630
53274.309167
55668.647106
54238.152743
53867.119988
53872.756829
53499.808218
52984.955139
53351.916192
53895.082280
53500.192477
53864.848738
52984.955139
53872.756829
54238.152743
53867.119988
52984.955139
53345.053854
53701.765394
52984.955139
53870.998113
53872.756829
53872.756829
52984.955139
53701.765394
53350.177326
53351.916192
53870.998113
53701.765394
53345.053854
54429.259838
53701.765394
53701.765394
53345.053854
53351.916192
53870.998113
53873.270718
53328.663530
53697.485035
52981.779028
53340.974780
53879.259144
53879.259144
54066.534838
52983.093507
53697.741979
53879.259144
53873.270718
55715.233981
52981.779028
53697.485035
54066.534838
52983.093507
52983.490486
55715.233981
55715.233981
52983.490486
55715.233981
52983.490486
55715.233981
57175.036146
52926.143704
53090.953484
53706.135266
53329.047789
57175.036146
52979.081968
53697.228079
53691.185498
53331.000752
52926.143704
53849.269421
52926.143704
53697.228079
53849.269421
53331.000752
52926.143704
53691.185498
53329.047789
53706.135266
53350.957431
53849.269421
53695.888449
53350.573171
53155.049780
53887.163877
53350.957431
53894.660139
52926.143704
52926.143704
53350.957431
52926.143704
52926.143704
53894.660139
53350.957431
53696.145394
53330.232222
54246.115139
53350.957431
53504.153032
53695.888449
53350.573171
53894.660139
53330.232222
53693.704375
53696.145394
53677.326887
53330.232222
53695.888449
53350.573171
53693.704375
53330.616481
53693.704375
53330.616481
54246.115139
53677.326887
53677.326887
53350.957431
54246.115139
53677.326887
53677.326887
53115.139861
53115.139861
53115.139861
53115.139861
53115.139861
53115.139861
53115.139861
53115.139861
56601.276782
52763.812407
52763.812407
56601.276782
52763.812407
56601.276782
54621.257361
56601.276782
55528.845081
55528.845081
52039.438125
55528.845081
52039.438125
55528.845081
52039.438125
52039.438125
57318.663935
57318.663935
52039.438125
52224.982824
54405.928125
52224.982824
54405.928125
57708.223241
54405.928125
52224.982824
55486.971308
55486.971308
52224.982824
52224.982824
55486.971308
54404.152882
52224.982824
54405.928125
52224.982824
52224.982824
54404.152882
53484.566597
54405.928125
53484.566597
55486.971308
55486.971308
53484.566597
53168.987454
53118.892755
53168.987454
53118.892755
53513.690185
52216.385058
52216.385058
52216.385058
52216.385058
52215.426655
52216.385058
52215.426655
52215.426655
54202.552766
52215.426655
54202.552766
54202.552766
52216.008056
54202.552766
54202.552766
52216.008056
52216.008056
52216.008056
52216.008056
55153.956447
55153.956447
52055.531771
55153.956447
55153.956447
52762.624306
52764.249352
52764.249352
54062.944225
54226.485428
54062.944225
52764.249352
54062.944225
52764.249352
54062.944225
52764.249352
53155.463796
54415.833472
54400.200625
54062.944225
51876.795590
51876.795590
51876.795590
56984.767269
56606.749132
57365.044387
51876.795590
54416.006505
54959.655637
51883.770127
55178.944572
54416.006505
53300.980556
53300.980556
56984.767269
57008.656678
56982.772743
56989.896736
54416.006505
54416.006505
53300.980556
53300.980556
53300.980556
55158.094468
55158.094468
55158.094468
53709.142269
53709.142269
53709.142269
53674.002176
52781.613912
52781.613912
52781.613912
54408.137894
52781.613912
53485.764769
53479.810984
52781.613912
54408.137894
54408.137894
54408.137894
53479.810984
53485.764769
54408.137894
54408.137894
53473.807650
53485.764769
53479.810984
53473.807650
53485.764769
53479.810984
54390.205787
53485.764769
54390.205787
53479.810984
53485.764769
53473.807650
55674.424676
53467.914178
54390.205787
53510.296782
53467.914178
53467.914178
53510.296782
53715.136667
53510.296782
53467.914178
54251.840417
53467.914178
53510.296782
54244.090359
53464.316447
52930.032037
54251.840417
55712.362049
54251.840417
54251.840417
53467.914178
53299.251389
54251.840417
55708.340301
55712.362049
53299.251389
53119.597616
52040.589213
52040.297014
52040.297014
53677.682106
54619.398750
54619.549190
54619.398750
52040.297014
54619.549190
53677.682106
54044.810706
52040.297014
53677.682106
53677.682106
53677.682106
52783.718113
52777.810150
52783.718113
52777.810150
52777.810150
52777.810150
54803.047488
54790.834549
54797.077187
54780.798021
54256.321806
52764.541181
51692.453924
54750.880949
54780.798021
54754.834421
54932.398796
51692.453924
51692.453924
55342.319479
54619.237303
54932.398796
54750.880949
54780.798021
53303.078160
53303.078160
53303.078160
54750.880949
54754.834421
54932.398796
55342.319479
53303.078160
53303.078160
54799.044537
54633.462164
54633.462164
54799.044537
54799.044537
54799.044537
56643.378808
54791.123333
55499.027870
55500.996204
55495.011887
55491.100833
55500.996204
55495.011887
55499.027870
54790.964190
55495.011887
55500.996204
55491.100833
54790.964190
55499.027870
53653.701968
55499.027870
55491.100833
55500.996204
55495.011887
55491.100833
55495.011887
52226.059375
55491.100833
55500.996204
55495.011887
52562.275475
52226.059375
52562.275475
57707.544537
57711.550914
57707.544537
57711.550914
52407.168299
57711.550914
52783.555903
52605.977025
52614.160602
52568.357778
52564.341539
52614.160602
52568.357778
52612.199398
52566.343299
52605.977025
52207.338530
52217.290590
56252.781887
52754.265880
52783.555903
52754.265880
56626.681748
52783.555903
52754.265880
52568.357778
52209.798819
51683.220683
52605.977025
51661.149132
52612.199398
52217.290590
52570.341921
51663.143727
52207.338530
52614.160602
52566.343299
52209.798819
52207.338530
51661.149132
52570.341921
52612.199398
52614.160602
52566.343299
52605.977025
51663.143727
52614.160602
52209.798819
52217.290590
52605.977025
51663.143727
51661.149132
52207.338530
51683.220683
52566.343299
52572.339919
52568.357778
52217.290590
52605.977025
52612.199398
52614.160602
52209.798819
51661.149132
52207.338530
51663.143727
52566.343299
52570.341921
52572.339919
52566.343299
52614.160602
52570.341921
52612.199398
52217.290590
52605.977025
52568.357778
52754.265880
52783.555903
51661.149132
52570.341921
51663.143727
52570.341921
52612.199398
52605.977025
52614.160602
52209.798819
52783.555903
52754.265880
52566.343299
52572.339919
52568.357778
51683.220683
51661.149132
52574.246065
52605.977025
52570.341921
52612.199398
52209.798819
52614.160602
52207.338530
52217.290590
51663.143727
51661.149132
52570.341921
52572.339919
51663.143727
52614.160602
52605.977025
52217.290590
52574.246065
51661.149132
52572.339919
52566.343299
52207.338530
51683.220683
52570.341921
52209.798819
51663.143727
52209.798819
52572.339919
52574.246065
52572.339919
52572.339919
52574.246065
52574.246065
55121.968056
55121.968056
55297.512731
55299.507141
55121.968056
55299.507141
55297.512731
55121.968056
55299.507141
55121.968056
55297.512731
55297.512731
55121.968056
55299.507141
55121.968056
55297.512731
55299.507141
55299.507141
55297.512731
55121.968056
54977.423391
52807.645428
52807.645428
52807.645428
52807.645428
57544.253553
57544.253553
57544.253553
56089.307546
54255.859421
56089.307546
53157.699167
53157.699167
53136.763009
53136.763009
52044.386111
52044.386111
53136.763009
53157.699167
53157.699167
53157.699167
54593.065914
52957.677037
53664.120139
53664.120139
54064.527199
54064.527199
54551.585243
52426.693889
54064.527199
52426.693889
53675.388345
52426.693889
53675.388345
53675.388345
52389.784537
54551.585243
53675.388345
53675.388345
52426.693889
52389.784537
52389.784537
52389.784537
54459.090613
55709.253380
55185.579352
55709.253380
57163.211794
57163.211794
52754.426852
55526.255289
52754.426852
53135.245938
53135.245938
54802.493171
53909.532674
56088.548507
54629.592951
53135.245938
54629.592951
55868.120463
55516.993067
55357.331539
55335.429282
55361.351354
55520.982454
55509.015289
55518.987558
55337.423889
55339.441354
55527.006586
55542.958831
52408.672211
53715.842940
55516.993067
55509.015289
55520.982454
55542.958831
55518.987558
55527.006586
55337.423889
55357.331539
55339.441354
52238.946111
53715.842940
55361.351354
55357.331539
52238.946111
52238.946111
52238.946111
52411.292697
52416.504051
52238.946111
53356.112998
54820.298970
53358.502049
54814.311100
54820.298970
54814.311100
54820.298970
53356.112998
52238.946111
54814.311100
53356.112998
53358.502049
54612.825174
54820.298970
54240.676169
54260.173438
51875.806748
54260.173438
51875.806748
56096.246400
56098.561007
56070.478831
56098.561007
56096.246400
56070.478831
56070.478831
56096.246400
56098.561007
51875.806748
56096.246400
56098.561007
56070.478831
52037.904005
57133.114410
57523.999491
51875.806748
54242.661956
51875.806748
51875.806748
56971.646493
57523.999491
55549.775544
55549.775544
52245.578426
52245.578426
52245.578426
54242.661956
54242.661956
52258.832361
54262.253345
52246.007928
51871.106979
56280.566134
51871.106979
56280.566134
51871.106979
51871.106979
54980.217454
54636.382465
54980.217454
55910.094919
52036.024850
56449.224988
51870.765359
51870.765359
53127.522766
54796.757998
57360.542951
57358.556123
53127.522766
53313.081389
57173.040336
57368.717431
56612.672442
56463.208576
57380.452095
56610.678241
56425.149907
57360.542951
53127.522766
53313.081389
56612.672442
56612.672442
56610.678241
56610.678241
56612.672442
55497.186644
53127.522766
53313.081389
55497.186644
53127.522766
53313.081389
57360.542951
57358.556123
55497.186644
53127.522766
53313.081389
53313.081389
55497.186644
57360.542951
55497.186644
52967.153553
52967.153553
52967.153553
52967.153553
52967.153553
52967.153553
54449.650914
56802.541053
56808.510590
56836.485602
56830.335150
56822.352662
54996.365868
56098.247720
53510.675359
53510.675359
53360.832442
53510.675359
53360.832442
56094.244502
56644.689282
53707.164421
56658.571736
51822.749826
52826.007998
52826.007998
52826.007998
55489.183345
54644.332789
54810.601192
55348.905243
54810.601192
54388.217025
54978.086470
54978.086470
54978.086470
54577.352755
54577.352755
54577.352755
54577.352755
54577.352755
54577.352755
53313.254421
53313.254421
53313.254421
57545.926748
53313.254421
53313.254421
53313.254421
56074.192141
52391.414213
52391.414213
52391.414213
52391.414213
52391.414213
52391.414213
52038.431840
54427.797546
53855.403484
54040.914387
54040.914387
54040.914387
56995.569178
55551.036262
54804.565231
51884.570382
54429.681586
54445.411354
54806.570336
54429.681586
51884.570382
54445.411354
54804.565231
54445.411354
51884.570382
54806.570336
54804.565231
54429.681586
54806.570336
53171.643495
51884.570382
54429.681586
54445.411354
54804.565231
54806.570336
53171.643495
54804.565231
54445.411354
51884.570382
54429.681586
54806.570336
54445.411354
51884.570382
54804.565231
54429.681586
54806.570336
55870.236157
53902.687025
53171.643495
54445.411354
54804.565231
54429.681586
51884.570382
54806.570336
53171.643495
53171.643495
53171.643495
53135.798079
54272.198171
52038.212986
52038.212986
53689.522407
53687.486042
55185.820127
53687.486042
53689.522407
56989.584086
56991.577882
57375.350220
54623.247477
54623.247477
52820.066632
52641.979178
55191.845579
54996.551181
52424.798634
55191.845579
52782.683137
55191.845579
52820.277812
52782.683137
52820.277812
52782.683137
54996.551181
52801.724248
55134.108669
55134.108669
55134.108669
52801.724248
52801.724248
53541.771829
55134.108669
55323.603727
52405.229421
52929.496551
52405.229421
55142.139722
52239.749873
56598.690093
56596.695787
56598.690093
52965.804329
56596.695787
55142.139722
52239.749873
55142.139722
56596.695787
56598.690093
56088.113333
55724.567546
57364.902616
57374.429363
57346.572639
57356.549826
51900.155301
51900.480741
57378.416042
57372.434537
57348.566493
54996.682106
54996.682106
56598.690093
54996.682106
52785.858287
51900.480741
51900.155301
54068.722928
53141.336354
51900.480741
51900.155301
51899.704271
52439.069769
53141.336354
55355.519016
55525.074954
55355.519016
55525.074954
55525.074954
55150.168299
55355.519016
54457.744826
55150.168299
52273.521030
55525.074954
55353.594039
55355.519016
54457.744826
54455.590475
56845.957396
56831.994769
56810.236551
56838.013750
56833.989572
54455.590475
54457.744826
53177.244132
53177.244132
54457.744826
54455.590475
52075.361366
56833.989572
56845.957396
56824.018229
56838.013750
56831.994769
56824.018229
54457.744826
56845.957396
56831.994769
53177.244132
56833.989572
56838.013750
55353.594039
55355.519016
53177.244132
53165.392269
52457.792708
54786.831944
54788.828484
53165.392269
56997.607118
54788.828484
52457.792708
56997.607118
52048.540729
54788.828484
54786.831944
54788.828484
52457.792708
54786.831944
52048.540729
53157.096273
53157.096273
57208.933576
53157.096273
57208.933576
54788.828484
54786.831944
52077.696667
52416.922477
51886.980567
54056.638530
52260.254097
57208.933576
51684.553935
54056.638530
52077.696667
52035.816748
52416.922477
51886.980567
57208.933576
51684.553935
57370.768576
51684.553935
57208.933576
52626.047986
52626.047986
54056.638530
54450.848993
52259.257419
52077.696667
51886.980567
54056.638530
52460.356273
52416.922477
52077.696667
51886.980567
52260.254097
52035.816748
56091.161701
57710.108519
52460.356273
57549.916204
53709.296586
53188.441968
52451.049907
52451.049907
54633.143206
53928.986898
55349.221528
51902.655556
55539.792234
55021.926609
55539.792234
55713.239687
53366.883773
53743.164688
53193.477813
55713.239687
55713.239687
53193.477813
55566.725394
55546.756667
55538.780903
55538.780903
55546.756667
55566.725394
55548.773935
53193.477813
52973.153461
52425.042616
52437.778252
53366.883773
52425.042616
52973.153461
52456.780394
52802.682917
52456.780394
55730.016678
53915.097245
53358.168634
52083.330544
53358.168634
57025.463322
55360.599421
53358.168634
53158.890706
52078.409803
52083.330544
57028.074606
56820.253634
56820.253634
56820.253634
54641.500231
56656.963576
54812.325370
56656.963576
56656.963576
51709.028854
51710.583287
52073.812905
56820.253634
54636.754780
57394.423194
57396.367118
57392.379062
53005.157593
57396.367118
57394.423194
57392.379062
52430.555660
57392.379062
53005.157593
57396.367118
57394.423194
54636.754780
57394.423194
57392.379062
57396.367118
51708.408634
55020.211100
54634.749074
56479.015625
56465.829688
51708.408634
56635.205486
53005.157593
52430.555660
51711.023403
52073.812905
52433.164074
54634.749074
55020.211100
57392.379062
57394.423194
57396.367118
56666.795417
56670.506250
56670.506250
57394.423194
52438.532998
52102.205637
54647.497465
52460.545035
56666.795417
56670.506250
53721.235683
52833.376308
53717.433576
52434.806019
52092.079560
52434.806019
53717.433576
52833.376308
53721.235683
51685.082674
52431.667685
52463.208866
53717.433576
52833.376308
53721.235683
52435.049641
54630.872523
52434.583356
55545.910718
52460.545035
52434.806019
54605.369965
54639.259873
55545.910718
52435.280984
52435.049641
52247.365903
52760.783495
51685.082674
52833.376308
53721.235683
53717.433576
54643.380972
52460.545035
55545.910718
52431.667685
56100.915625
54643.380972
51685.082674
52760.783495
51685.082674
52247.365903
56100.915625
54637.165833
54637.165833
54637.165833
51685.082674
52760.783495
54637.165833
57005.540463
53173.694618
53173.694618
53161.494549
53173.694618
53173.694618
53149.184167
54088.523727
53149.184167
53149.184167
53149.184167
53149.184167
53149.184167
52830.444630
53910.941123
52786.128414
52979.542685
52987.984815
55022.102546
52061.377512
52056.293322
52047.985208
52047.401435
52967.424699
56632.680590
56634.705012
56630.667870
53352.682095
52979.542685
52047.985208
52061.377512
52047.401435
52056.293322
52987.984815
52967.424699
54033.224421
52987.984815
52967.424699
52061.377512
52047.401435
52047.985208
52056.293322
52979.542685
52056.293322
52047.401435
52047.985208
52987.984815
52061.377512
52967.424699
53187.331782
53187.331782
52590.341933
52590.341933
52590.341933
52590.341933
52808.168912
52428.802847
52453.322813
52453.322813
52259.815359
54257.808831
53169.280093
51914.481956
51914.481956
54257.808831
53169.280093
54453.280278
51911.710752
53543.812245
55360.965741
54453.280278
51911.710752
55360.965741
52452.603808
52452.603808
52452.603808
52452.603808
52452.603808
52452.603808
52452.603808
54645.427535
56275.894618
53682.027743
56275.894618
57011.510289
57037.387801
57013.498275
54645.427535
53703.648183
53703.648183
53703.648183
53703.648183
55356.901053
54066.701111
52808.405602
54066.701111
52417.352025
52417.352025
52451.577477
54066.701111
54066.701111
52417.352025
52417.352025
57009.528461
53715.973356
53745.537847
53887.713843
57137.109757
52800.147211
57137.109757
57171.017095
52067.583113
57137.109757
52067.583113
52431.295868
52431.295868
52431.295868
57137.109757
52067.583113
57171.017095
52431.295868
52431.295868
52067.583113
57137.109757
57171.017095
52067.583113
52640.637500
51701.232292
51701.232292
52067.583113
51701.232292
51716.466481
51719.546713
51888.530347
51716.466481
56273.679954
53196.786806
54246.323113
54818.939873
53903.043333
53907.120880
51719.546713
51888.530347
53196.786806
54246.323113
54818.939873
54818.939873
54818.939873
55537.189225
55533.148958
56080.174375
56082.168021
55371.520324
54818.939873
54246.323113
55537.189225
53897.202743
53900.994815
53903.043333
53897.202743
51707.459965
51888.177755
51719.062222
51722.548993
52272.982616
51888.177755
53530.026898
53528.347234
51707.459965
52804.581840
52976.322454
52830.282593
52272.982616
55020.461181
55010.440255
52834.634421
53549.907234
53162.823900
52432.790185
53174.698773
53198.681019
53548.224410
53892.999132
52834.634421
51707.042604
53198.681019
53549.907234
53548.224410
52432.790185
53549.907234
53162.823900
53548.224410
53174.698773
53892.999132
53198.681019
53845.580012
52432.790185
51707.042604
53845.580012
52430.798854
52430.798854
53845.580012
52381.286319
53909.345058
52381.286319
51912.578322
51912.578322
52922.418796
53382.407882
52626.318750
53382.407882
53382.407882
53382.407882
53382.407882
53382.407882
52626.318750
53539.755544
52626.318750
52626.318750
53539.755544
53510.833137
52438.649375
53510.833137
53539.755544
53539.755544
53847.330914
52438.649375
53539.755544
53510.833137
52618.160336
52644.849653
52621.007465
52644.849653
53847.330914
52644.849653
57009.645208
57009.645208
54090.599850
53747.874236
54090.599850
52267.225949
52267.225949
57009.645208
54090.599850
53747.874236
56299.612002
56299.612002
52435.486435
52626.670775
52626.670775
52626.670775
52626.670775
52626.670775
55389.590995
55345.626655
55389.590995
55389.590995
55387.595602
52465.021007
56961.671748
53370.747060
53370.747060
56961.671748
56647.295463
56647.295463
51918.482697
52644.196956
51918.482697
51918.482697
52462.720150
52255.744201
53001.531725
54439.954977
53125.269745
53001.531725
53125.269745
53370.501690
53125.269745
53001.531725
53370.501690
53370.501690
54054.895324
54064.839387
54058.854259
56455.225880
56455.225880
52654.566516
53552.292396
56455.225880
54064.839387
54058.854259
56835.980023
56455.225880
56455.225880
56411.201667
56835.980023
54058.854259
56403.227500
54064.839387
54054.895324
52645.062766
54640.836296
53875.287465
53552.292396
52654.566516
53552.292396
52654.566516
53875.287465
53935.081354
52119.535602
55390.299792
55390.299792
55390.299792
55390.299792
52590.585324
52590.585324
52082.239167
52083.701296
52072.058727
52083.701296
52082.239167
52072.058727
52072.058727
52082.239167
52083.701296
52067.901586
52067.901586
52067.901586
52067.901586
52067.901586
52083.701296
52072.058727
52082.239167
52621.199028
57193.988252
53931.240764
54635.634167
52409.435069
53377.074815
53377.074815
52409.435069
53377.074815
54292.287025
52650.919282
51715.067315
52409.435069
52650.919282
56311.565046
56311.565046
56311.565046
52846.258148
52804.817442
53568.670694
53549.690995
54669.417488
54667.416829
54669.417488
54669.417488
53549.690995
54669.417488
54667.416829
54667.416829
54669.417488
54669.417488
52439.552176
54667.416829
52482.703125
52433.376088
52433.376088
52433.376088
52433.376088
52482.906262
53033.731389
52482.906262
52433.376088
52433.376088
52433.376088
53033.731389
57135.108877
57135.108877
52474.385544
52654.434757
57135.108877
52483.041192
53751.663981
52401.165926
55329.725567
56600.692743
56600.692743
55329.725567
52401.165926
55329.725567
52401.165926
56600.692743
54092.478241
56983.604190
53029.369329
53029.369329
52066.252106
52066.252106
52066.252106
52066.252106
57027.687523
53029.369329
56983.604190
52066.252106
52066.252106
52652.575046
52066.252106
52652.575046
52267.989410
53029.742014
52576.827361
52576.827361
52062.544560
52576.827361
53179.155880
54625.512905
53179.155880
54627.507025
57400.612037
52427.356817
52427.356817
52474.685035
52664.717685
52427.356817
52664.717685
52664.717685
52664.717685
52475.222639
56839.957917
56829.994016
53213.420312
54289.739977
53188.959826
53188.959826
53109.518831
54672.358831
51723.124549
52849.616574
52852.543773
52852.543773
55197.946551
55197.946551
53209.384803
53751.812720
53700.130301
53751.812720
57412.500602
57412.500602
57412.500602
52670.810891
54272.533600
52670.810891
54272.533600
52670.810891
54272.533600
54272.533600
54272.533600
51932.441586
52265.513889
57380.690313
51932.441586
52265.513889
57380.690313
57410.570972
56295.630521
57380.690313
55370.215278
55366.225926
57380.690313
57414.525602
57380.690313
57414.314954
57226.869144
55370.215278
55366.225926
57414.314954
55366.225926
55370.215278
57410.570972
55370.215278
57414.314954
57410.570972
57410.570972
57410.570972
57414.314954
57410.570972
57414.314954
57203.775046
57203.775046
57414.525602
57414.314954
52465.289340
52283.764062
52465.289340
52465.289340
52465.289340
57382.651308
57382.651308
52465.289340
57382.651308
52465.289340
57382.651308
52465.289340
57382.651308
56078.180567
57382.651308
52854.351412
57402.349931
57426.546551
57402.349931
57402.349931
52119.978414
52488.932951
52119.978414
52488.932951
52119.978414
57402.349931
57402.349931
57400.355891
52828.620532
56660.937905
57408.330961
57400.355891
57418.305556
57418.305556
51748.751655
51746.934641
51746.756944
51748.929178
51745.125579
57418.305556
51746.934641
57418.305556
51746.756944
51746.934641
51748.751655
57408.330961
51746.756944
51748.751655
53001.960671
52828.620532
57408.330961
52616.802350
51748.751655
51746.934641
51746.934641
51746.934641
56662.537963
57418.305556
51748.751655
51745.125579
51746.756944
51746.934641
57418.305556
51746.934641
57418.305556
51746.934641
51746.934641
51745.125579
51746.934641
51748.929178
51746.756944
51748.751655
57400.355891
51746.934641
51748.751655
51746.756944
51748.751655
51746.934641
51745.125579
51748.929178
51902.938403
52102.320394
57403.291620
57401.261007
57418.305556
57227.042176
57418.305556
57382.417512
57418.305556
57227.042176
57227.042176
57414.701539
52099.661412
51748.751655
57382.417512
57382.417512
57414.701539
57414.701539
57382.417512
57382.417512
57194.974757
57192.979931
57414.701539
57382.417512
57192.979931
57194.974757
57410.325602
57410.325602
54304.528079
57382.417512
57414.701539
57410.325602
54304.528079
57410.325602
57420.299688
57414.701539
57410.325602
57420.299688
57194.974757
57192.979931
57410.325602
57192.979931
57410.325602
57420.299688
57410.325602
57420.299688
57410.325602
57420.299688
57177.026111
57410.325602
57410.325602
57410.325602
57420.299688
57410.325602
57420.299688
57420.299688
52421.560023
57177.026111
57177.026111
55414.952801
56694.413692
56694.413692
55414.952801
54462.030926
54464.021794
54466.021157
54462.030926
56686.480845
56686.480845
52851.908356
52851.908356
53528.642350
52851.908356
52991.946956
55368.220671
52851.908356
56869.884907
52851.908356
52851.908356
56869.884907
52991.946956
52848.185787
55410.106516
55368.220671
52991.946956
52848.185787
52848.185787
52848.185787
52626.865093
52626.865093
52626.865093
52626.865093
54051.043241
54051.043241
54051.043241
54051.043241
52483.163947
52076.095000
57358.729514
52076.095000
57358.729514
52076.095000
53743.822396
51753.448542
51753.448542
52076.095000
53743.822396
51753.448542
53743.822396
57183.356933
57183.356933
53743.822396
53743.822396
52425.267118
57183.356933
52617.287650
53743.822396
54315.494560
52617.287650
56662.934769
54471.857130
54471.857130
55960.600741
56662.934769
56662.934769
54471.857130
55960.600741
56662.934769
56662.934769
55960.600741
53759.738079
55960.600741
55037.198264
55964.612407
55964.612407
54667.109676
57569.864502
53600.017593
57569.864502
57569.864502
53600.017593
52647.298495
53408.769294
53600.017593
57569.864502
52647.298495
57569.864502
52647.298495
57569.864502
52647.298495
55178.182037
54450.102072
55178.182037
57246.805220
51908.614815
56949.701470
56949.701470
56949.701470
54483.991562
54669.086910
53954.935891
52646.921100
52640.957338
54503.727014
54504.766053
56663.510567
53412.714259
56698.742037
56663.510567
56663.510567
53412.714259
56698.742037
55601.662627
55577.735845
55591.697905
55577.735845
55601.662627
55591.697905
55571.752083
55591.697905
55577.735845
55601.662627
55571.752083
57020.099549
52497.065602
57588.077755
57588.077755
57588.077755
57588.077755
57249.058808
52868.087581
52868.087581
52842.262465
52842.262465
52868.087581
52678.563484
52678.563484
52319.672685
52319.672685
52319.672685
52319.672685
55972.558565
52848.333970
57568.107847
57568.107847
52686.445856
57568.107847
57568.107847
52489.355463
54318.520069
54318.520069
57703.583866
57703.583866
57703.583866
57534.270741
57534.270741
57703.583866
57534.270741
57703.583866
57534.270741
57703.583866
57534.270741
53895.617813
57534.270741
57703.583866
56642.677755
56642.677755
56642.677755
56642.677755
54879.729954
54873.745637
53574.245995
53574.245995
54879.729954
54873.745637
53574.245995
53913.567257
53913.567257
53913.567257
54873.745637
54879.729954
53574.245995
56973.634988
53913.567257
57217.828183
57217.828183
51922.220752
57217.828183
57217.828183
56146.857975
56146.857975
56678.502350
52147.980706
51934.623553
56674.512963
53957.191597
54120.108090
56487.015914
56487.015914
56110.123380
56487.015914
53742.176528
52852.220926
53738.014479
57075.320694
57075.320694
55691.301944
55691.301944
55691.301944
57053.600463
55691.301944
57053.600463
55691.301944
57621.764549
57621.764549
52511.232685
55962.594074
57258.786678
57258.786678
57258.786678
55212.780903
57258.786678
54666.963866
54666.963866
55605.621030
57039.420266
56847.947326
52690.664537
52698.590949
55962.594074
53209.026528
56885.891354
53209.026528
53220.680949
53220.680949
53220.680949
51777.063715
57251.880336
57251.880336
53245.458021
51946.461748
56698.395394
56684.481157
54619.699722
54619.699722
53937.561609
53937.561609
56676.507581
56676.507581
56676.507581
52485.232731
52252.002720
52120.637789
52252.002720
52256.223785
56911.771169
56911.771169
55416.346262
57222.896725
57067.319109
55980.932616
55980.932616
52854.176991
52854.176991
52852.663171
52485.520926
52852.663171
52852.663171
52142.164630
52485.520926
52654.896910
52411.593669
53861.610961
53859.615637
53857.640104
53855.700451
52411.593669
57432.256192
57585.820324
53855.700451
53859.615637
57643.676377
57585.820324
53859.615637
53861.610961
53909.670787
53909.670787
57069.327836
57081.281181
57081.281181
57069.327836
57081.281181
57053.362986
54268.659838
54266.666134
54268.659838
52678.856065
54260.682882
54266.666134
54266.666134
54260.682882
54260.682882
54268.659838
54266.666134
55416.090394
54260.682882
55416.090394
54268.659838
54266.666134
55793.019063
55781.108646
55781.108646
55793.019063
55781.108646
55793.019063
52323.707338
57422.293819
57436.245058
52323.707338
52323.707338
55609.605810
57267.912095
52710.751157
57022.093449
53422.947141
57077.289363
56122.088692
52505.416528
56122.088692
52860.309884
52316.018981
53789.962269
53724.133032
53783.977836
52316.018981
53785.975845
53789.962269
53787.968634
53793.951898
53724.133032
53783.977836
57254.783137
57229.493310
57224.874873
55992.478113
52656.912083
57254.783137
57224.874873
57428.970370
57229.493310
53780.032176
53776.049630
52696.835093
57229.493310
57224.874873
55992.478113
57254.783137
53778.040579
57428.970370
52656.912083
53782.027477
53580.710984
53580.710984
54482.807025
56877.875243
56877.875243
56877.875243
55982.514340
57061.334514
55984.508808
51938.830787
55984.508808
51939.044525
56351.411701
57026.118241
56345.389977
56349.417257
56345.389977
56349.417257
54331.129884
56349.417257
56345.389977
56345.389977
56349.417257
54331.129884
54329.135313
53893.790301
53891.747627
53271.375984
53893.790301
52459.670324
54274.687662
52501.552488
52461.665752
52459.670324
56933.920012
52501.552488
52461.665752
52459.670324
56933.920012
53255.430046
55812.962361
55428.405162
57248.804097
55812.962361
55812.962361
52280.184502
54688.199722
54321.159641
54321.159641
54321.159641
54690.229248
54726.239178
54726.239178
55797.002072
57063.329595
53608.630613
53607.175544
53609.169988
55956.618611
56506.932072
56506.932072
54999.328322
56506.932072
54999.328322
57183.698912
54999.328322
52439.778993
54999.328322
52449.767650
53237.517211
57197.177836
57197.177836
55136.917535
55136.917535
55444.020845
55446.015463
55446.015463
55414.095891
55414.095891
54698.157118
55603.613970
55447.993854
55607.596678
55607.596678
55449.988287
55447.993854
55434.048866
52348.026343
55434.048866
56934.058322
56934.058322
57063.510741
52425.770822
56482.994525
56508.926493
56431.116100
56862.223148
53526.751470
52707.044931
52864.641667
56774.208102
56774.208102
57065.326713
56774.208102
53863.755162
53849.848495
55671.358160
53544.772708
53592.618831
55677.338229
55585.693542
52615.284120
56746.276898
54598.436863
57117.587176
53825.853530
54180.931887
54154.995775
53991.446076
53987.435417
54176.937257
54047.279942
53979.462731
54153.001481
54039.298900
53989.429931
53995.424826
54327.201991
54325.148287
54323.153924
54327.201991
54323.153924
54325.148287
54323.153924
54327.201991
54325.148287
56696.389167
57119.158623
57109.185799
57121.152951
55673.352164
56146.461701
52920.543704
56146.461701
52888.628299
52880.627141
56146.461701
52880.627141
52888.628299
52876.630046
54612.375648
54606.477778
57065.514502
57065.514502
56976.917477
56976.917477
54589.321991
54605.015023
57688.470868
57518.541088
56975.629259
56975.629259
56975.629259
52576.089352
52576.089352
52576.089352
56233.067234
54987.334387
53156.644965
52988.854225
52988.854225
53531.420961
57545.266204
57561.229838
57545.266204
54054.008623
51877.912130
55520.799907
55520.799907
55520.799907
57349.932778
55520.757662
55903.225081
55903.061887
55903.061887
55903.116273
55903.354711
55903.007477
55903.279468
57704.580590
57704.580590
52623.921620
57704.580590
57704.580590
52596.152569
52623.921620
52596.152569
52596.152569
52623.921620
52596.152569
52623.921620
52596.152569
56621.824514
56621.824514
56621.824514
56621.824514
55903.810718
55903.681088
55903.947292
55902.818831
56076.159745
56076.159745
56076.159745
55902.769873
55902.769873
55904.786377
52961.704271
52961.704271
52961.704271
52961.704271
57531.323519
57531.323519
57531.323519
52787.632199
52787.632199
54790.546076
57391.096412
57391.096412
57391.096412
57391.096412
57391.096412
52422.684826
57718.915127
57718.915127
52422.684826
53515.446157
57353.739919
54618.548356
54618.548356
54618.548356
57000.740405
57000.740405
52079.676377
53545.340590
57000.740405
56814.229595
55167.980475
55167.980475
54436.896030
56074.978264
56084.250301
54250.730995
54250.730995
54426.923252
57007.534572
57007.534572
55534.580440
52989.303866
52989.816181
52989.816181
52989.816181
52989.816181
57365.649016
57365.649016
57365.649016
57365.649016
57365.649016
53160.486586
54815.825845
56073.282269
56073.420012
56073.227882
56073.420012
55533.802731
55533.802731
55533.802731
55533.802731
56073.336678
54435.192778
55540.616019
56072.771863
55548.062164
55548.062164
56072.554259
55548.062164
52635.887928
55559.767280
55559.767280
56072.663067
56072.424641
56072.182454
57004.273692
52636.112535
52616.310509
52249.577350
52249.577350
52249.577350
56290.651019
56290.651019
53533.468773
53545.587419
52636.610382
52636.610382
52636.823345
55552.671609
52636.823345
52636.610382
52636.823345
55532.834884
55532.834884
52446.823507
52446.823507
53171.104815
53171.104815
52446.823507
53171.104815
53170.652326
56294.756111
53708.939352
53708.939352
53906.720880
53708.939352
56119.302488
56138.590775
56138.590775
55949.209375
55949.209375
56138.590775
55948.950093
57057.533669
56073.336678
