0.533887
0.667148
0.729450
0.747652
0.747972
0.791103
0.798682
0.809424
0.823548
0.843684
0.855663
0.865834
0.878461
0.898050
0.954140
1.039503
1.175455
1.300825
1.353384
1.456303
1.540358
1.540517
1.540540
1.540576
1.540581
1.613814
1.613856
2.821355
3.169756
3.873983
3.917933
4.804066
4.874645
4.891542
4.998435
5.297263
5.305451
5.390731
5.399203
5.481238
5.490270
5.541432
5.589595
5.627088
5.638707
5.649776
7.268420
7.525546
7.559776
7.559882
7.586703
7.631999
7.632029
7.656702
7.656933
7.941790
8.674661
8.714125
8.714140
8.714191
8.787420
8.787685
9.352895
9.790855
9.842108
9.932370
10.159983
10.194657
10.230329
10.259952
10.280218
10.525981
10.987973
11.278899
11.486027
11.629203
13.276518
13.352574
13.352654
13.732020
13.779312
13.827508
13.828280
13.835316
13.871393
13.980975
14.026745
14.060855
14.110636
14.270333
14.311030
14.320852
14.344097
14.401896
14.450527
14.473347
14.514138
14.524733
14.616925
14.667003
14.825937
14.851436
14.919504
14.975025
15.048380
15.319302
15.552505
15.620634
15.837811
15.867114
16.305644
16.320334
16.321095
16.327233
16.348828
16.371392
16.373037
16.378335
16.436347
16.491425
16.559280
16.577997
16.589381
16.637298
16.658901
16.691212
16.700265
16.743294
16.759253
16.802881
16.830643
16.845248
16.851467
16.874969
16.877252
16.902707
17.045942
17.047886
17.054911
17.063689
17.100416
17.117801
17.153324
17.336470
17.344719
17.348243
17.381927
17.389442
17.447919
17.510694
17.550610
17.606344
17.639485
17.667074
17.795801
17.803959
17.809434
17.818028
17.848150
17.883726
17.995995
18.031177
18.094382
18.273564
18.361008
18.373139
18.373266
18.380916
18.414200
18.452798
18.536796
18.805034
18.817717
18.907092
18.913771
18.946094
19.089017
19.121532
19.132890
19.140509
19.406828
19.698421
19.724860
19.756595
19.762253
19.774633
19.798639
19.817371
19.834713
19.835319
19.846966
19.867888
19.891762
19.892253
19.896865
19.906560
19.912409
20.026654
20.215487
20.246523
20.253084
20.294468
20.300284
20.326359
20.386932
20.397738
20.403213
20.421654
20.428329
20.662863
20.856399
20.917126
21.153083
21.156158
21.247063
21.273040
21.273067
21.303315
21.370176
21.393730
21.417403
21.417451
21.428018
21.428044
21.480928
21.485617
21.543536
21.594628
21.616783
21.678320
21.792727
21.849407
21.893805
22.105388
22.108826
22.296973
22.363089
22.597990
22.823812
22.867643
22.895343
23.115807
23.169217
23.386677
23.524244
23.580243
23.650226
23.810026
23.831971
24.250228
24.292603
24.307147
24.317895
24.325608
24.345924
24.351670
24.358480
24.363855
24.368101
24.380568
24.455595
24.621010
24.817223
24.844619
24.863300
24.881478
24.911224
24.923741
24.970913
25.061242
25.092538
25.118238
25.122033
25.124381
25.141248
25.141936
25.154525
25.161984
25.284666
25.290568
25.347174
25.401658
25.715556
25.864396
25.902148
25.915605
25.923098
25.953767
26.008548
26.019978
26.134334
26.211620
26.211787
26.212085
26.221874
26.254111
26.270880
26.283566
26.340425
26.340743
26.340821
26.345531
26.345680
26.345845
26.350715
26.360803
26.379851
26.381668
26.385553
26.385603
26.400065
26.435057
26.444223
26.444364
26.444681
26.444686
26.538670
26.580831
26.597187
26.615226
26.628902
26.637249
26.857158
26.866170
26.883167
26.883670
27.053074
27.053537
27.174287
27.268737
27.322634
27.340057
27.343164
27.381537
27.654012
27.768807
27.773285
27.842109
27.860753
27.862455
27.877675
27.905238
28.005155
28.139925
28.188903
28.203589
28.225156
28.226866
28.228023
28.232386
28.244604
28.260748
28.262167
28.299879
28.301063
28.305409
28.314783
28.378916
28.382421
28.407576
28.420604
28.459658
28.481374
28.505254
28.829635
29.168791
29.168926
29.215791
29.267001
29.273485
29.280851
29.344713
29.378795
29.391015
29.509062
29.555608
29.617934
29.691910
29.732824
29.780484
29.959377
29.968015
30.166691
30.166781
30.198797
30.212682
30.212843
30.261230
30.290748
30.323430
30.327927
30.336092
30.362086
30.375930
30.376797
30.425509
30.427560
30.431388
30.435770
30.460975
30.471838
30.472138
30.492791
30.499424
30.510165
30.525056
30.532876
30.543364
30.608357
30.628092
30.649170
30.649416
30.649614
30.694053
30.694300
30.701594
30.706145
30.779119
30.789175
30.790521
30.797785
30.822436
30.850549
30.859275
30.862752
30.865519
30.869433
30.875786
30.885561
30.886560
30.900450
30.901751
30.905598
30.909000
30.929270
30.953869
30.989039
30.989217
31.002552
31.027935
31.062338
31.087763
31.091682
31.100585
31.108720
31.122193
31.122218
31.124056
31.131821
31.143412
31.146626
31.152311
31.168351
31.175868
31.178388
31.224472
31.232763
31.237138
31.279751
31.280464
31.284593
31.289074
31.309388
31.313843
31.322511
31.343244
31.397451
31.409835
31.410406
31.413773
31.457625
31.460358
31.466683
31.475877
31.494512
31.521809
31.521820
31.544804
31.546029
31.546097
31.557990
31.558126
31.559813
31.590224
31.590384
31.594285
31.595968
31.602760
31.629013
31.634971
31.635327
31.640990
31.642077
31.648397
31.653837
31.671506
31.671551
31.674941
31.688730
31.713923
31.737837
31.743946
31.766088
31.768200
31.775521
31.789102
31.796294
31.796618
31.804072
31.825560
31.859743
31.860143
31.862404
31.875660
31.880448
31.891341
31.894605
31.901841
31.902393
31.905304
31.917890
31.921635
31.933683
31.937303
31.965920
31.968294
31.988254
31.990918
31.999220
32.005033
32.009568
32.009869
32.013901
32.028439
32.028775
32.067085
32.080733
32.112723
32.112787
32.133317
32.150491
32.169434
32.169456
32.183197
32.183280
32.218033
32.218085
32.221971
32.225715
32.226821
32.228724
32.252037
32.256309
32.262814
32.264788
32.264884
32.277532
32.290075
32.313291
32.368672
32.372276
32.375924
32.376143
32.422634
32.428496
32.455994
32.459673
32.510577
32.532011
32.557009
32.558191
32.564149
32.585194
32.604226
32.608116
32.609333
32.615190
32.623876
32.633486
32.652725
32.674310
32.684257
32.689025
32.689973
32.763209
32.773705
32.804026
32.828515
32.842721
32.876299
32.884511
32.890348
32.912397
32.928103
32.935283
32.988528
33.046243
33.091936
33.099759
33.100321
33.127439
33.135484
33.158843
33.193259
33.207980
33.233167
33.244210
33.248193
33.254235
33.295846
33.302990
33.318386
33.333944
33.345332
33.348467
33.348805
33.371244
33.379997
33.396961
33.407819
33.428706
33.440533
33.441701
33.443708
33.451940
33.453222
33.457506
33.458279
33.479793
33.488318
33.493026
33.496281
33.496597
33.502429
33.513174
33.517409
33.542788
33.546068
33.561578
33.564724
33.568522
33.575211
33.575255
33.583085
33.589263
33.589287
33.604415
33.607207
33.627431
33.627455
33.632397
33.642945
33.642980
33.646731
33.653102
33.656191
33.664688
33.664727
33.674250
33.674510
33.738176
33.738566
33.740881
33.743607
33.750902
33.760678
33.768643
33.773547
33.779694
33.784207
33.797917
33.802326
33.807362
33.822281
33.829573
33.837278
33.837924
33.852673
33.852796
33.854215
33.871634
33.871956
33.871999
33.874674
33.881472
33.884807
33.888627
33.897106
33.904865
33.907525
33.933331
33.936504
33.937208
33.940838
33.950564
33.964020
33.973325
33.979746
33.984070
33.984855
33.990617
34.000274
34.001637
34.002913
34.018891
34.025314
34.027637
34.027714
34.035979
34.062312
34.068618
34.074774
34.079336
34.087460
34.103312
34.103367
34.110605
34.118526
34.122087
34.130689
34.134012
34.138036
34.143874
34.150175
34.153897
34.156778
34.172223
34.173496
34.175124
34.176049
34.182137
34.196890
34.198975
34.207601
34.209155
34.209184
34.209320
34.226872
34.226971
34.240761
34.240962
34.247261
34.256393
34.259096
34.263811
34.263813
34.272937
34.283113
34.283318
34.291299
34.292558
34.292722
34.292918
34.293121
34.299762
34.305280
34.323234
34.331180
34.342414
34.342450
34.344158
34.395852
34.398218
34.398723
34.401804
34.413505
34.418577
34.418654
34.429104
34.429261
34.435134
34.438174
34.439385
34.450748
34.451312
34.454535
34.473254
34.473957
34.473959
34.476807
34.479381
34.482695
34.485354
34.485495
34.486796
34.488401
34.488783
34.498854
34.501913
34.510750
34.514645
34.517031
34.528210
34.530101
34.530379
34.532385
34.534345
34.534348
34.538533
34.539743
34.541895
34.542116
34.554994
34.557957
34.558154
34.559473
34.569313
34.569573
34.571611
34.571759
34.572722
34.572770
34.585403
34.585438
34.588980
34.601568
34.602353
34.605809
34.605861
34.605863
34.605996
34.613596
34.614788
34.619624
34.624175
34.624218
34.624281
34.627298
34.633572
34.633578
34.643636
34.643961
34.656657
34.662092
34.662181
34.662193
34.662299
34.662556
34.663736
34.688767
34.691435
34.698062
34.719927
34.720004
34.733140
34.738402
34.752810
34.758637
34.759352
34.760688
34.760812
34.760859
34.764517
34.764645
34.773252
34.773467
34.777549
34.780332
34.784641
34.784672
34.794110
34.798194
34.798581
34.799014
34.802671
34.802687
34.802690
34.802859
34.802975
34.816321
34.833958
34.838410
34.838559
34.840930
34.844616
34.847232
34.851505
34.852768
34.869366
34.870628
34.882343
34.882538
34.882768
34.890665
34.890868
34.900795
34.902306
34.911283
34.912060
34.934499
34.934837
34.934946
34.944606
34.945848
34.946078
34.946297
34.954861
34.960546
34.962204
34.962862
34.962943
34.967277
34.967310
34.967355
34.968536
34.968541
34.988693
34.988709
34.992294
34.994305
34.999466
35.000935
35.001069
35.006883
35.007049
35.008623
35.008762
35.010499
35.012852
35.018166
35.018210
35.018297
35.020531
35.022172
35.023020
35.023283
35.029655
35.047003
35.047277
35.048382
35.048393
35.050815
35.053364
35.053605
35.054574
35.059632
35.059725
35.068721
35.103233
35.103341
35.104619
35.104658
35.104767
35.104915
35.111560
35.112380
35.112415
35.112783
35.112917
35.113745
35.115122
35.120778
35.120843
35.121068
35.121094
35.124745
35.130885
35.133912
35.134420
35.134463
35.134711
35.135089
35.136497
35.136594
35.138433
35.138464
35.140816
35.143453
35.143856
35.145610
35.145628
35.152782
35.153256
35.154098
35.166797
35.173362
35.185160
35.185475
35.203406
35.211661
35.229970
35.230010
35.230179
35.241875
35.241909
35.244049
35.246859
35.246894
35.247810
35.247869
35.250869
35.251169
35.251308
35.251491
35.251563
35.251700
35.251700
35.251777
35.251777
35.252664
35.256601
35.256629
35.259703
35.262908
35.269270
35.269351
35.269390
35.270417
35.271733
35.273547
35.275067
35.277054
35.277243
35.277356
35.285087
35.292421
35.295622
35.295977
35.300227
35.300569
35.300739
35.311542
35.311631
35.311684
35.312384
35.312578
35.312682
35.312885
35.326887
35.326894
35.326902
35.334550
35.334622
35.336191
35.336350
35.336409
35.343513
35.352087
35.352197
35.352229
35.352405
35.354510
35.355123
35.355239
35.355285
35.370847
35.371803
35.381426
35.386080
35.386133
35.390955
35.391072
35.392836
35.393007
35.393015
35.393075
35.393344
35.394368
35.395607
35.397099
35.405018
35.407881
35.407994
35.418920
35.426781
35.436496
35.441355
35.441496
35.442352
35.447805
35.450899
35.450965
35.453352
35.455532
35.461164
35.461988
35.464120
35.467734
35.470290
35.470293
35.470308
35.475273
35.475348
35.479873
35.494973
35.494987
35.495135
35.495194
35.507335
35.507463
35.507773
35.509414
35.513831
35.513930
35.514413
35.517313
35.517922
35.523903
35.524018
35.533850
35.555113
35.555186
35.555973
35.565172
35.565253
35.566624
35.569551
35.571272
35.571635
35.576311
35.581237
35.582886
35.583076
35.583115
35.583185
35.589455
35.594326
35.595295
35.600706
35.600817
35.600993
35.601011
35.610401
35.611580
35.611750
35.619603
35.623058
35.631590
35.633942
35.644618
35.644807
35.647571
35.647596
35.650177
35.650221
35.650321
35.657617
35.660998
35.666671
35.668012
35.671269
35.675287
35.677238
35.677358
35.678867
35.685002
35.685030
35.688430
35.691445
35.697811
35.702815
35.705286
35.706625
35.706925
35.717534
35.723339
35.723361
35.726561
35.726770
35.726783
35.728922
35.728999
35.732352
35.732371
35.732999
35.735163
35.735240
35.743206
35.743206
35.745364
35.745400
35.745540
35.748737
35.750849
35.772331
35.786888
35.788344
35.791592
35.801970
35.819794
35.819882
35.820534
35.822664
35.823922
35.829031
35.829305
35.829511
35.831452
35.838201
35.839031
35.852031
35.860381
35.865004
35.867258
35.871883
35.875738
35.885733
35.893633
35.893798
35.894724
35.904352
35.906262
35.906404
35.914184
35.917408
35.925236
35.925536
35.926510
35.940531
35.952583
35.956468
35.961525
35.961609
35.962440
35.967464
35.978317
35.978743
35.986164
35.994296
36.005501
36.008744
36.016251
36.041270
36.045653
36.063457
36.065699
36.065817
36.071459
36.074233
36.076693
36.076893
36.077191
36.082499
36.092742
36.098289
36.100838
36.120087
36.121288
36.121315
36.121368
36.128859
36.131681
36.135309
36.137354
36.160979
36.161241
36.162358
36.169698
36.169780
36.192693
36.201208
36.201494
36.201535
36.207857
36.216711
36.217918
36.220318
36.224712
36.224994
36.225028
36.230053
36.257027
36.276564
36.277003
36.279759
36.288790
36.290015
36.314003
36.319040
36.331173
36.336353
36.339981
36.340235
36.347295
36.347485
36.347497
36.350185
36.350365
36.355896
36.364741
36.365188
36.365246
36.372591
36.374774
36.375071
36.375136
36.378263
36.378699
36.378806
36.385339
36.385469
36.385471
36.390711
36.394216
36.397935
36.399211
36.399213
36.399261
36.399307
36.399425
36.402199
36.404216
36.404924
36.409364
36.413859
36.415670
36.420087
36.422166
36.426383
36.426516
36.426590
36.426634
36.437593
36.439743
36.439816
36.446514
36.470253
36.478530
36.488906
36.489086
36.490077
36.490137
36.506138
36.506692
36.508835
36.508913
36.508960
36.509126
36.516625
36.521582
36.521664
36.521727
36.521755
36.522373
36.533648
36.538938
36.566182
36.568119
36.574371
36.577426
36.603123
36.620855
36.621574
36.621635
36.621992
36.628528
36.629475
36.629597
36.630461
36.650500
36.666162
36.670393
36.672959
36.673104
36.683322
36.683661
36.684316
36.684327
36.692505
36.692671
36.692878
36.695660
36.695936
36.699713
36.704202
36.717152
36.717169
36.718751
36.749241
36.756077
36.756179
36.763450
36.767505
36.767628
36.788632
36.790925
36.799217
36.799265
36.804023
36.804123
36.804286
36.813392
36.814995
36.817191
36.817239
36.818804
36.821787
36.824700
36.824807
36.827460
36.842523
36.844113
36.844462
36.849079
36.859024
36.871867
36.883233
36.884671
36.891566
36.892773
36.896807
36.898905
36.903991
36.905052
36.905726
36.912206
36.915940
36.920937
36.921756
36.928426
36.935216
36.936072
36.944022
36.946328
36.964719
36.968236
36.977413
37.004310
37.008998
37.009107
37.026833
37.042758
37.052616
37.056746
37.056837
37.080867
37.113804
37.135854
37.155094
37.156707
37.160936
37.166891
37.168521
37.171082
37.175917
37.179184
37.205962
37.208289
37.214532
37.222731
37.230676
37.250763
37.255370
37.260115
37.262273
37.266913
37.282159
37.285879
37.294759
37.321239
37.322369
37.331501
37.331847
37.368374
37.372670
37.396389
37.396551
37.403706
37.404480
37.404713
37.409275
37.411891
37.428544
37.440676
37.472831
37.494585
37.507542
37.552548
37.562414
37.562903
37.564489
37.569935
37.573647
37.592491
37.608933
37.620648
37.630997
37.647833
37.662972
37.666151
37.705572
37.707220
37.712757
37.715593
37.726695
37.726847
37.739162
37.749505
37.767574
37.768699
37.781675
37.807655
37.815998
37.831026
37.849124
37.870758
37.875154
37.906075
37.924564
37.924912
37.945311
37.972928
37.973138
37.973300
37.974900
37.974922
37.974944
38.019267
38.019641
38.049018
38.064793
38.067402
38.182855
38.227709
38.234366
38.235565
38.248084
38.248998
38.269342
38.319432
38.342359
38.343699
38.344527
38.347535
38.351945
38.357290
38.359296
38.368692
38.379249
38.380143
38.453515
38.464773
38.478815
38.488033
38.508717
38.516312
38.564834
38.594708
38.634749
38.676116
38.714205
38.714208
38.762956
38.780591
38.798318
38.808840
38.878643
38.908982
38.920224
40.170015
40.170172
40.170240
40.195545
40.212564
40.232466
40.232543
40.232648
40.274378
40.338437
40.404649
40.412508
40.530023
40.530152
40.530272
40.530286
40.530287
40.530306
40.536587
40.536712
40.536714
40.543035
40.543088
40.545284
40.545403
40.545409
40.545566
40.557852
40.562443
40.562513
40.619966
40.619996
40.697786
40.697796
40.699557
40.699814
40.716763
40.717085
40.750989
40.769521
40.769582
40.769730
40.776001
40.776061
40.784021
40.784085
40.784119
40.784132
41.355121
41.497603
41.548260
41.715917
41.716303
41.821893
42.037040
42.083925
42.261609
42.339459
42.389176
42.394104
42.400792
42.412254
42.417491
43.091213
43.239268
43.256487
44.185922
44.211515
44.703229
44.755400
44.884839
44.902356
45.989376
46.245699
46.614526
46.664836
46.665119
46.673738
46.740321
46.780787
50.037758
50.080647
50.162429
53.622654
54.542348
54.720565
55.380510
57.744548
112.438723
113.110704
113.503998
113.687518
113.693612
114.006117
114.283885
114.284126
114.302122
114.302369
115.294577
115.391172
115.592666
115.593049
115.593127
115.593286
115.593299
115.641016
115.678751
116.324457
116.428518
116.781812
116.826511
116.871929
117.513492
117.756138
117.757772
117.800743
117.800762
117.846218
117.901528
117.904317
117.951910
118.072678
118.421151
118.814309
118.876306
118.942456
119.465499
119.587517
119.607812
119.733098
119.797541
119.800569
120.082441
120.255891
120.662822
120.711769
121.016949
121.034659
121.081366
121.518241
121.589205
121.795860
121.932253
122.290957
122.560365
122.613790
122.626258
122.638676
122.661104
122.727919
122.762296
122.785864
123.266025
123.380351
123.428378
123.592176
123.674648
123.964055
123.965935
124.046212
124.187921
125.110959
125.607000
125.661560
125.739786
127.145017
127.147440
127.239955
127.330003
127.360639
127.611817
127.821851
127.822332
127.824669
127.941490
127.941572
128.022339
128.042287
128.042524
128.043751
128.075979
128.076048
128.093775
128.312917
128.332448
128.478236
128.531244
128.571141
128.576103
128.674254
128.800771
128.899213
128.982853
129.139523
129.303679
129.454052
129.625961
129.626332
129.681244
129.681308
129.724555
129.777031
129.795388
129.852466
129.862162
129.862637
129.972798
129.973076
130.022245
130.022251
130.118391
130.181721
130.198284
130.238271
130.246283
130.343670
130.367414
130.567755
130.573128
131.061648
131.138022
131.369429
131.545345
131.747202
131.792264
132.041620
132.105094
132.105192
132.154513
132.154737
132.226890
132.227158
132.227384
132.242114
132.242157
132.242241
132.270975
132.271269
132.271456
132.297947
132.297951
132.298052
132.365682
132.365695
132.365878
132.368742
132.368827
132.690638
132.735620
132.737388
133.567941
133.707284
133.810610
133.845410
133.963537
134.039519
134.043330
134.050960
134.134339
134.145606
134.166980
134.167682
134.213384
134.341571
134.350120
134.419482
134.537219
134.562010
134.598716
134.709046
134.800811
134.959998
135.068650
135.089813
135.118862
135.120928
135.133763
135.150616
135.166826
135.187288
135.321271
135.548498
135.604173
135.653866
135.657516
135.713649
135.724683
135.754135
135.762208
135.774439
135.940242
135.947128
136.012528
136.017347
136.049507
136.097392
136.134121
136.191632
136.259265
136.273239
136.273273
136.273310
136.287390
136.319361
136.319363
136.319448
136.354955
136.355197
136.355359
136.417532
136.510264
136.515273
136.533554
136.533598
136.533776
136.584589
136.597771
136.767254
136.821672
136.974657
136.994905
136.997493
137.047827
137.050754
137.122204
137.154503
137.160671
137.180149
137.181945
137.217533
137.251762
137.251774
137.300572
137.393601
137.546433
137.604943
137.617482
137.620920
137.725332
137.745204
138.070209
138.254313
138.254541
138.261953
138.269946
138.270345
138.439688
138.739131
138.793938
138.798221
138.869904
138.916856
138.930742
138.988781
138.990801
139.072883
139.084905
139.086612
139.099850
139.244855
139.258966
139.308678
139.446367
139.488711
139.598541
139.681954
139.682032
139.702528
139.702566
139.786397
139.932124
139.933737
139.963836
140.005015
140.005089
140.020756
140.030852
140.030974
140.031134
140.093610
140.093870
140.131504
140.174807
140.247997
140.326803
140.363568
140.410015
140.420208
140.432875
140.458861
140.462303
140.497439
140.502359
140.528890
140.641005
140.660095
140.675803
140.683000
140.687952
140.690752
140.695964
140.700354
140.730754
140.747062
140.791494
141.029434
141.148094
141.148364
141.148406
141.148467
141.640092
141.643838
141.703903
141.861652
142.037801
142.124352
142.136980
142.205410
143.025280
143.145663
143.497248
143.497265
143.520906
143.616081
143.616235
144.445053
144.497842
144.566099
144.737483
144.784444
144.845403
145.058098
145.156693
145.200939
145.296056
145.360372
145.384699
145.385945
145.544873
145.648660
145.732826
145.738609
145.756845
145.758892
145.781362
145.789574
145.806955
145.806999
145.822126
145.823671
145.823687
145.926399
145.950889
146.018334
146.018393
146.031817
146.158215
146.165945
146.544403
146.544478
146.544605
146.544621
146.544630
146.544632
146.544632
146.544636
146.544651
146.544654
146.544660
146.544661
146.544674
146.544679
146.544808
146.701089
146.709911
146.768684
146.896226
146.913872
146.964347
147.049116
147.075664
147.085122
147.090674
147.140666
147.189796
147.214842
147.238782
147.238830
147.239152
147.277894
147.284623
148.223851
148.364405
148.374787
148.381775
148.397069
148.413867
148.425986
148.736789
148.881058
149.151340
149.151781
149.151891
149.151959
149.152037
149.152100
149.243399
149.244500
149.244732
149.244787
149.245656
149.255572
149.256413
149.545253
149.545423
149.545644
149.564397
149.564598
149.582744
149.582854
149.585218
149.590169
149.592420
149.592471
149.641907
149.644671
149.644878
149.661851
149.661935
149.687169
149.699185
149.699496
149.699611
149.700232
149.738829
149.738853
149.738908
149.738918
149.738955
149.744270
149.744346
149.744357
149.744409
149.761484
149.761504
149.761505
149.761599
149.781995
149.784649
149.784662
149.789675
149.793136
149.793163
149.827899
149.828088
149.832674
149.848293
149.851952
149.852012
149.898606
149.898808
149.916081
149.925031
149.941837
149.941929
149.955710
149.955735
149.991561
149.991799
150.053783
150.053836
150.054009
150.059014
150.101301
150.101483
150.101626
150.101718
150.101735
150.101909
150.101965
150.102670
150.102686
150.105173
150.105210
150.158326
150.158480
150.179848
150.179938
150.198761
150.198962
150.207970
150.232054
150.235651
150.239659
150.245116
150.245472
150.297869
150.309619
150.309668
150.319983
150.319992
150.320816
150.329835
150.332400
150.334211
150.342019
150.376541
150.383195
150.383820
150.420552
150.420904
150.438120
150.479322
150.490660
150.490755
150.490789
150.490989
150.499150
150.499284
150.504517
150.506185
150.511823
150.521935
150.522322
150.544612
150.544807
150.581331
150.581345
150.608246
150.609651
150.609671
150.633803
150.633948
150.633991
150.642956
150.643087
150.643148
150.647045
150.653014
150.657702
150.657876
150.659208
150.659410
150.661288
150.661447
150.681495
150.681804
150.704118
150.715052
150.727165
150.839253
150.854716
150.996300
151.046752
151.150403
151.170869
151.222951
151.246642
151.279970
151.285186
151.816707
151.816735
151.821853
151.821935
151.858719
151.858773
151.859433
151.921991
152.053728
152.060805
152.067163
152.071595
152.074598
152.118019
152.212776
152.328673
152.405631
152.418422
152.454705
152.546902
152.573093
152.588631
152.628891
152.684661
152.686399
152.774906
152.812808
152.824294
152.831814
152.902700
152.933466
152.934095
152.934584
152.953611
152.953901
152.962511
152.981653
152.984094
153.007510
153.066786
153.162792
153.182543
153.191972
153.310588
153.357376
153.358559
153.484005
153.541251
153.799778
153.999405
154.009533
154.059025
154.098776
154.102674
154.271705
154.287314
154.329282
154.335971
154.377071
154.410020
154.455693
154.459181
154.548632
154.702690
154.710458
154.739701
154.744086
154.814848
155.009795
155.015911
155.127932
155.139053
155.300354
155.323874
155.353846
155.371099
155.392829
155.393005
155.404686
155.413370
155.447659
155.461741
155.468743
155.577803
155.598913
155.599133
155.600370
155.716441
155.751531
155.805361
155.820170
155.820173
155.820368
155.827763
155.923527
155.962229
155.962259
155.962555
156.040109
156.045946
156.058366
156.082103
156.082173
156.082181
156.082292
156.091965
156.109578
156.111862
156.185730
156.194365
156.940951
156.987709
157.068066
157.088579
157.092181
157.150030
157.353844
157.505692
157.524878
157.568090
157.609514
157.631860
157.643148
157.643196
157.672506
157.727784
157.768759
157.784451
157.804440
157.804590
157.893280
157.911147
157.932246
157.932257
157.932361
157.975885
157.976086
158.009418
158.009733
158.009897
158.038284
158.046131
158.046214
158.046373
158.112828
158.140036
158.189966
158.407929
158.408146
158.408899
158.408998
158.411213
158.437353
158.437486
158.481281
158.490150
158.490268
158.541783
158.555744
158.557992
158.567486
158.567565
158.595628
158.620335
158.670356
158.713142
158.745153
158.745197
158.745411
158.762204
159.414279
159.414526
159.557486
159.567860
159.610712
159.623916
159.672584
159.676607
159.703869
159.730046
159.844304
159.892208
159.899112
159.952812
160.067904
160.134986
160.188578
160.216302
160.269316
160.432390
160.433819
160.482385
160.485854
160.665331
160.980979
161.029865
161.108410
161.166763
161.186650
161.188772
161.189025
161.189068
161.189281
161.197192
161.258074
161.332541
161.339676
161.416129
161.416192
161.416726
161.425752
161.458983
161.481621
161.498614
161.498665
161.498933
161.502975
161.541299
161.556895
161.614395
161.696766
161.738453
161.743561
161.747403
161.836537
161.923939
162.248889
162.268574
162.299068
162.299146
162.299246
162.337149
162.337206
162.345944
162.377617
162.380523
162.380842
162.380897
162.393743
162.403089
162.417908
162.431904
162.445331
162.445358
162.445430
162.445841
162.446147
162.447542
162.453804
162.453857
162.454179
162.524057
162.661284
162.708677
162.850354
162.850697
162.887232
162.887391
162.932791
162.937043
162.970531
163.040377
163.040386
163.040615
163.054907
163.055096
163.055110
163.055116
163.055183
163.055282
163.055384
163.055437
163.076420
163.087259
163.087536
163.088006
163.094984
163.103836
163.103917
163.164777
163.164978
163.165025
163.165073
163.165073
163.165077
163.165151
163.165161
163.165177
163.165232
163.165260
163.165378
163.185974
163.186018
163.186267
163.186273
163.186311
163.186415
163.186515
163.186529
163.186642
163.199635
163.199708
163.199756
163.199905
163.200009
163.200194
163.200200
163.200261
163.200307
163.237893
163.237937
163.238055
163.238120
163.238143
163.238150
163.238223
163.238224
163.238230
163.238434
163.238456
163.238511
163.248905
163.249192
163.249247
163.249248
163.249290
163.249331
163.249496
163.249830
163.258638
163.258742
163.260425
163.260590
163.274983
163.275035
163.275070
163.275105
163.275656
163.275698
163.283327
163.283771
163.288463
163.288539
163.288561
163.288643
163.288662
163.288677
163.288708
163.288746
163.288767
163.288799
163.288841
163.288889
163.288928
163.288999
163.319683
163.319848
163.319851
163.319910
163.320146
163.320223
163.436948
163.436957
163.436959
163.436986
163.437010
163.437037
163.437046
163.437095
163.437103
163.437220
163.458692
163.517695
163.588311
163.588323
163.635397
163.635729
163.724944
163.835452
163.843876
163.844240
163.844344
163.895326
164.075624
164.075752
164.076102
164.115563
164.115766
164.115887
164.117043
164.117173
164.117634
164.127832
164.128080
164.128208
164.130715
164.130782
164.131245
164.623369
164.668696
164.671478
164.883330
164.899728
165.099307
165.105803
165.206801
165.543774
165.579681
165.593128
165.848343
165.862005
165.867898
165.894819
165.894856
166.002641
166.002899
166.003786
166.036866
166.111177
166.204617
166.205201
166.857668
166.940160
167.376714
167.392231
167.397475
167.527169
167.528627
167.590312
167.610457
167.619097
167.647534
167.653606
167.660830
167.665569
167.693216
167.716989
167.752895
167.753412
167.899213
167.900867
168.158936
168.265046
168.311607
168.448881
168.474924
168.477768
168.718873
168.751998
168.827907
168.917406
168.924245
168.943070
168.943227
169.001028
169.024469
169.029353
169.091281
169.181041
169.276632
169.276640
169.276642
169.276655
169.276656
169.276657
169.276659
169.276662
169.276666
169.276675
169.276676
169.276773
169.380746
169.403496
169.403512
169.403559
169.403595
169.403597
169.403607
169.403747
169.403788
169.403818
169.453485
169.472175
169.510176
169.510281
169.567413
169.570496
169.617902
169.626166
169.635201
169.637036
169.676120
169.676268
169.676406
169.678816
169.678823
169.682064
169.682117
169.682140
169.722995
169.786111
169.786158
169.786164
169.786171
169.786221
169.809968
169.864425
169.897316
169.938677
169.945673
169.963561
169.963675
169.963736
169.997926
169.997988
169.998118
170.010565
170.010790
170.010807
170.061490
170.061906
170.061924
170.061948
170.087215
170.096786
170.101753
170.109134
170.141912
170.165886
170.204029
170.270314
170.427056
170.450429
170.463217
170.464682
170.541458
170.567744
170.570286
170.762305
170.806811
170.984615
171.233333
171.338482
171.343887
171.420599
171.530253
171.548513
171.553688
171.659360
171.761341
171.874903
172.081220
172.081624
172.153682
172.789648
172.805890
172.966156
172.976583
173.078161
173.078208
173.100022
173.100154
173.139777
173.139793
173.139794
173.139799
173.139806
173.139818
173.139905
173.147171
173.223439
173.223658
173.228367
173.229843
173.230248
173.261791
173.261921
173.266867
173.287207
173.287208
173.292222
173.305452
173.305552
173.354963
173.355072
173.359588
173.366323
173.366546
173.389452
173.408083
173.456385
173.533065
173.590346
173.674139
173.709034
173.772619
173.787936
173.901828
174.004036
174.069904
174.069926
174.069993
174.070011
174.070012
174.146586
174.171546
174.438539
174.455821
174.486934
174.486984
174.552799
174.817421
175.033356
175.033379
175.033519
175.184830
175.227618
175.298511
175.330380
175.342322
175.525485
175.552711
175.618879
175.633258
175.670607
175.987016
176.023648
176.039594
176.630663
176.708857
176.719141
176.781019
176.851283
176.956287
177.009468
177.028043
177.044893
177.086798
177.087752
177.235714
177.238535
177.391222
177.542785
177.698569
177.699724
177.823708
178.039015
178.039818
178.224518
178.269272
178.445623
178.457929
178.505743
178.535694
178.561542
178.581088
178.767148
178.767264
178.767306
178.767362
178.767459
178.774126
178.774227
178.774238
178.774262
178.774288
178.774336
178.774406
178.774460
178.774541
178.805045
178.893921
178.899318
178.899506
178.899509
178.899518
178.899546
178.906216
178.944255
178.944293
178.944320
178.944371
178.944383
178.959519
178.959539
178.959584
178.959586
178.959620
178.961954
178.968286
178.982244
178.987367
178.987535
178.987593
178.987612
178.987818
179.019911
179.222564
179.247361
179.247510
179.420814
179.533131
179.542241
179.657095
179.660625
179.665941
179.712692
179.712789
179.768049
179.768593
180.094092
180.124209
180.212767
181.024366
181.024396
181.104856
181.162299
181.175498
181.188952
181.251857
181.252955
181.268416
181.268441
181.298817
181.298973
181.299797
181.342465
181.451441
181.494223
181.501979
181.556077
181.616470
181.622203
181.710025
181.935510
182.219185
182.239211
182.241709
182.275402
182.306746
182.307559
182.365323
182.365438
182.378135
182.406365
182.421769
182.474846
182.489996
182.504383
182.504507
182.573656
182.573909
182.589845
182.593016
182.593153
182.593289
182.593326
182.593333
182.593346
182.593546
182.593753
182.626053
182.666667
182.696194
182.731198
182.749302
182.749415
182.749598
182.806742
182.806988
182.812277
182.812293
182.812561
182.835837
182.942222
183.270177
183.337031
183.337235
183.350357
183.376438
183.384880
183.393141
183.401602
183.422524
183.428884
183.466879
183.504969
183.505180
183.538110
183.538243
183.557217
183.557312
183.557363
183.557370
183.557509
183.557556
183.557616
183.557639
183.610437
183.610493
183.610496
183.610499
183.610526
183.610529
183.610541
183.610547
183.610583
183.621216
183.621372
183.621545
183.621660
183.621666
183.621748
183.621763
183.634037
183.634132
183.679955
184.169052
184.189261
184.259259
184.259320
184.304645
184.362556
184.371384
184.371953
184.372747
184.382750
184.387233
184.415700
184.415775
184.416974
184.417249
184.459705
184.477093
184.477273
184.517446
184.518903
184.525558
184.529127
184.529345
184.535375
184.535406
184.535467
184.535644
184.535708
184.607561
184.607939
184.701716
184.701829
184.701930
184.702020
184.702071
184.706555
184.706691
184.722060
184.747360
184.747544
184.829464
184.839322
184.857580
184.884943
184.884989
184.926996
184.927169
184.927244
184.935140
184.967836
184.967935
184.968311
184.968376
184.983907
185.008163
185.018193
185.076829
185.290845
185.378416
185.394882
185.398520
185.413944
185.565528
185.593956
185.687960
185.781242
185.846413
185.960863
185.961060
186.200655
186.221600
186.223127
186.265670
186.299702
186.315212
186.321697
186.321763
186.321802
186.321830
186.326006
186.326046
186.326052
186.326077
186.326091
186.354357
186.354556
186.354645
186.368391
186.457685
186.457955
186.475173
186.481175
186.484186
186.488528
186.593461
186.723931
186.735381
186.764030
186.804932
186.818741
186.855396
186.881774
186.881832
186.928937
186.988324
187.106393
187.121409
187.126761
187.137042
187.144970
187.160521
187.178037
187.207051
187.222584
187.222610
187.222873
187.241537
187.297266
187.342269
187.342282
187.342347
187.342383
187.347700
187.347755
187.347853
187.348860
187.348892
187.348901
187.348911
187.348913
187.361075
187.375137
187.375169
187.375202
187.379809
187.380259
187.380507
187.394684
187.394706
187.394816
187.394870
187.394938
187.395193
187.408453
187.408515
187.425014
187.479302
187.479494
187.480590
187.480737
187.480793
187.480801
187.480840
187.482836
187.494655
187.584778
187.626965
187.627171
187.640348
187.642521
187.642549
187.651336
187.651373
187.651418
187.658587
187.664656
187.686455
187.695404
187.695655
187.695700
187.707153
187.712407
187.725147
187.725471
187.725478
187.725479
187.737360
187.748833
187.753221
187.754469
187.757574
187.762946
187.767794
187.767975
187.768634
187.776016
187.776213
187.782825
187.795045
187.795080
187.805018
187.805122
187.805422
187.818448
187.822026
187.826636
187.841732
187.884875
187.887301
187.916198
187.921219
187.921829
187.922683
187.971782
187.998344
188.072717
188.082561
188.123316
188.123661
188.135023
188.249385
188.364546
188.396111
188.483731
188.555542
188.603944
188.614283
188.640080
188.648956
188.730653
188.784108
188.794812
188.863833
188.917239
188.919811
188.996094
189.050423
189.050428
189.067996
189.095354
189.095385
189.095472
189.095628
189.095702
189.122344
189.122489
189.122555
189.161855
189.278251
189.278347
189.278451
189.278545
189.278566
189.278598
189.278605
189.333633
189.427123
189.497919
189.498039
189.498095
189.498169
189.498230
189.503555
189.503600
189.503659
189.503772
189.503784
189.503800
189.504005
189.647977
189.714275
190.010269
190.056046
190.154993
190.186934
190.371897
190.446068
190.570614
190.605222
190.663877
190.704300
190.704425
190.720212
190.764621
190.767198
190.767378
190.811468
190.811658
190.883880
191.000104
191.028971
191.029014
191.075875
191.214613
191.224418
191.276568
191.302470
191.316696
191.336248
191.420737
191.462378
191.594605
191.632727
191.644409
191.673677
191.673776
191.673863
191.775195
191.868918
191.903041
191.905127
191.936051
192.025506
192.471124
192.523860
192.595986
192.596272
192.614952
192.614954
192.615324
192.617155
192.798145
192.850002
192.912705
193.323276
193.323280
193.595083
193.854092
193.870130
193.895900
193.896023
193.896320
193.901260
193.901308
193.925961
193.976930
194.012779
194.035663
194.035747
194.035907
194.041215
194.043410
194.124201
194.175078
194.175566
194.175739
194.189696
194.190083
194.210696
194.229158
194.248598
194.253505
194.257152
194.257196
194.279286
194.292225
194.292377
194.315180
194.315516
194.322163
194.322214
194.368907
194.369154
194.386290
194.387328
194.387329
194.388344
194.421806
194.427924
194.437629
194.437980
194.437985
194.438006
194.457601
194.496502
194.497943
194.510355
194.510522
194.540065
194.587502
194.632181
194.632347
194.668111
194.673993
194.707648
194.746910
194.746925
194.746930
194.747010
194.766488
194.766520
194.766616
194.824895
194.955665
194.955800
194.989634
195.118800
195.118848
195.118856
195.118858
195.118865
195.118869
195.118874
195.153451
195.168441
195.191475
195.191482
195.191540
195.200369
195.200412
195.200413
195.200418
195.200490
195.200490
195.200536
195.212207
195.253751
195.300362
195.303852
195.436830
195.472529
195.498601
195.740597
195.962279
196.226223
196.349479
196.451389
196.696523
196.927768
196.950602
197.025617
197.049821
197.065859
197.101618
197.126676
197.155113
197.198066
197.239460
197.249092
197.355363
197.391168
197.401134
197.423408
197.425043
197.425839
197.434344
197.445834
197.467053
197.475508
197.495227
197.562063
197.578464
197.591762
197.625144
197.639133
197.666747
197.763703
197.781822
197.823031
197.828912
197.830042
197.832922
197.857015
197.886811
197.928531
198.009350
198.036110
198.074018
198.328100
198.397741
198.416960
198.447842
198.464262
198.599649
198.731398
198.766492
198.842486
198.842583
199.573554
199.895726
199.902046
199.911516
199.926706
199.938086
199.951639
200.041162
200.138362
200.255899
200.322262
201.107764
201.279140
201.436578
201.504950
201.529416
201.530247
201.584694
201.596058
201.596187
201.699848
201.796309
201.852258
202.298974
202.299124
202.299181
202.308485
202.327523
202.410829
202.410969
202.422810
202.439233
202.439402
202.439623
202.443940
202.452935
202.461858
202.462247
202.462289
202.462315
202.462387
202.462513
202.462667
202.496297
202.619009
202.619389
202.619404
202.621532
202.621828
202.622140
202.657013
202.760596
202.795082
202.825184
202.851951
203.002118
203.096823
203.130861
203.482451
203.482542
203.482657
203.534584
203.534596
203.534722
203.573006
203.573030
203.573061
203.607428
203.617129
203.709910
203.732856
203.782679
203.813379
203.813390
203.813677
204.027526
204.177541
204.199387
204.304120
204.345583
204.404450
204.445184
204.449722
204.490841
204.527547
204.531284
204.531320
204.582937
204.683865
204.820379
204.840409
204.841009
204.913057
204.913116
205.049282
205.185512
205.198223
205.211078
205.211330
205.225729
205.308067
205.382132
205.382220
205.386570
205.386745
205.390677
205.390695
205.390779
205.398449
205.580416
205.646940
205.664945
205.720573
205.731013
205.735507
205.735628
205.752729
205.827449
205.864549
205.872708
205.973914
205.990175
206.058486
206.058814
206.086130
206.108281
206.154537
206.167684
206.167702
206.167717
206.198024
206.198270
206.210795
206.299860
206.299992
206.300285
206.729265
206.854064
206.879262
206.891576
206.897858
206.920733
206.940830
206.957792
206.961438
206.984151
207.012584
207.041594
207.053167
207.142784
207.182014
207.201035
207.247528
207.314550
207.374032
207.436270
207.739794
207.771413
207.971511
208.152225
208.152326
208.152590
208.276462
208.335745
208.377765
208.474913
208.475624
208.541606
208.559530
208.574479
208.636572
208.648819
208.818802
208.819017
209.163147
210.073528
210.073795
210.143770
210.168353
210.213879
210.230875
210.414453
210.713308
210.759613
210.763582
210.847620
211.069800
211.197958
211.210714
211.210930
211.523758
211.591238
211.659422
211.751641
211.772867
211.830624
211.860489
211.861118
211.870692
211.898343
211.995344
212.243137
212.243418
212.267086
212.301544
212.301551
212.475368
212.488308
212.527227
212.532354
212.551718
212.551840
212.555164
212.575228
212.587961
212.594316
212.617559
212.640187
212.640436
212.671951
212.677490
212.677923
212.680830
212.681502
212.690175
212.803131
212.846773
212.847028
212.887771
212.908218
212.920761
212.925070
212.944496
212.948102
212.957423
213.277301
213.302921
213.315769
213.370312
213.386260
213.412112
213.449673
213.450948
213.451272
213.470529
213.540695
213.559328
213.571455
213.690648
213.751873
213.802368
213.866861
213.869753
213.885106
213.914927
213.916752
213.916885
213.942686
213.942808
213.959673
213.963957
213.999666
214.038591
214.102546
214.102842
214.107053
214.143193
214.147991
214.170493
214.176227
214.176511
214.176537
214.176794
214.176851
214.182241
214.188631
214.202591
214.205910
214.205926
214.206280
214.212391
214.213609
214.213942
214.227889
214.228196
214.249059
214.253418
214.293885
214.294053
214.300710
214.312573
214.312811
214.313454
214.320542
214.321081
214.321113
214.321564
214.338592
214.340069
214.341129
214.346093
214.347689
214.352122
214.352267
214.352393
214.352603
214.352720
214.394892
214.394928
214.395001
214.395173
214.399577
214.399616
214.399677
214.399725
214.440428
214.440471
214.440517
214.440630
214.445974
214.467455
214.487079
214.503103
214.506170
214.511602
214.516855
214.533360
214.543230
214.568046
214.572534
214.680221
214.697845
214.719009
214.720594
214.734122
214.798309
214.798632
214.814837
214.838941
214.851651
214.851676
214.869043
214.881149
214.894329
214.895842
214.917508
214.939393
214.943232
214.950148
214.954862
214.970454
214.970669
214.984757
214.995012
214.995132
215.034659
215.112833
215.152687
215.160442
215.165864
215.171945
215.181638
215.181908
215.190729
215.199700
215.205420
215.239424
215.250122
215.258117
215.344932
215.351123
215.374319
215.425666
215.467493
215.520891
215.619656
215.703767
215.722434
215.742686
215.742693
215.742783
215.748742
215.769143
215.815013
215.856085
215.899573
215.981018
215.981245
215.996412
216.010940
216.027797
216.072133
216.075015
216.078249
216.149757
216.149917
216.149922
216.217136
216.217156
216.231372
216.231375
216.283208
216.309263
216.367645
216.368685
216.439271
216.480319
216.483599
216.734210
216.735512
216.886386
216.898355
217.092277
217.124689
217.124876
217.154410
217.219398
217.219460
217.268242
217.323661
217.371132
217.371216
217.381532
217.392833
217.403035
217.406953
217.414757
217.415832
217.429623
217.431862
217.470704
217.473515
217.538185
217.607399
217.610481
217.618107
217.630454
217.632814
217.671320
217.681664
217.695927
217.720050
217.729910
217.758051
217.807993
217.821021
217.826715
217.924425
218.471109
218.473390
218.490120
218.576990
218.603865
218.623160
218.645156
218.659296
218.679051
218.776695
218.777715
218.791331
218.792362
218.798340
218.807750
218.852063
219.088960
219.162099
219.277572
219.288976
219.444043
219.592524
219.628778
219.686474
219.738665
219.808824
219.808850
220.152697
220.587369
220.641323
220.749613
220.749625
220.900466
220.900472
220.900498
221.041454
221.061114
221.061120
221.061121
221.186607
221.186748
221.186759
221.199075
221.199097
221.199110
221.199240
221.268976
221.269059
221.269105
221.269345
221.364086
221.691454
221.880351
221.923978
221.928797
221.961271
222.156342
222.420673
222.489565
222.489850
222.493896
222.494007
222.786508
222.899027
223.138000
223.149108
223.256084
223.285056
223.573111
223.579730
223.630743
223.738060
223.747980
223.800614
224.072900
224.294925
224.344448
224.389518
224.526042
224.577416
224.641442
224.642119
224.678750
224.679012
224.684796
224.702629
224.702888
224.804269
224.804370
224.856477
224.882044
224.882082
224.906001
224.911065
225.008980
225.023380
225.170988
225.171022
225.171084
225.204359
225.218346
225.218407
225.218469
225.263372
225.264096
225.282123
225.341452
225.341475
225.341503
225.391730
225.420591
226.043292
226.077495
226.104093
226.104125
226.121293
226.276963
226.371281
226.567211
226.567211
226.567235
226.567291
226.610247
226.941782
227.108299
227.129901
227.130340
227.286879
227.452472
227.452576
227.452661
227.731204
227.797644
227.971994
227.975288
227.977169
228.007738
228.099428
228.102656
228.195280
228.386517
228.480272
228.679543
228.724144
228.726307
228.736770
228.762120
228.762540
228.777375
228.814450
228.835718
228.859053
228.912116
228.947472
228.947984
228.948476
228.948602
228.965416
228.966568
229.007926
229.125854
229.125985
229.219626
229.232316
229.315530
229.367788
229.678806
229.698897
229.809813
229.809861
229.841099
229.893487
230.022825
230.137663
230.342383
230.464364
230.495409
230.760768
231.317429
231.474453
231.474526
231.474805
231.484335
231.582204
231.585729
232.412095
232.457402
232.697302
232.807524
232.953076
232.996290
232.999815
233.076013
233.089308
233.106314
233.202326
233.345098
233.568483
233.659160
233.743002
233.743065
233.743704
233.744109
233.953757
234.132747
234.139809
234.139930
234.140709
234.174042
234.199712
234.256479
234.256725
234.266651
234.275818
234.761335
234.879894
234.880393
234.885183
234.899271
235.554564
236.280779
236.280889
236.375982
236.375987
236.375990
236.376004
236.399058
236.399180
236.481206
236.481383
236.481422
236.527657
236.529921
236.561941
236.561956
236.562278
236.975487
236.975547
237.074635
237.074665
237.198455
237.198548
237.360160
237.411257
237.469644
237.501609
237.561592
237.608415
237.888951
238.408804
238.520571
239.190638
239.374765
239.669367
239.722553
239.722794
240.276145
240.957407
241.028711
241.028812
241.029538
241.034377
241.090216
241.090503
241.090517
241.090665
241.090713
241.090734
241.304907
241.304909
241.304944
241.319829
241.320023
241.320027
241.320093
241.320106
241.320390
241.438116
241.438142
241.438215
241.438308
241.438497
241.438562
241.438579
241.438596
241.438730
241.438750
241.438843
241.703784
241.742987
242.423705
243.135061
243.190324
243.358057
243.984451
244.015728
244.155626
244.278687
244.318390
244.359382
246.362542
246.472115
246.554065
246.554096
246.589746
246.589954
246.665699
246.748143
246.748494
246.792257
246.792641
246.793150
246.793189
246.825537
246.825541
246.883973
246.908423
246.963429
247.052943
247.231738
247.231807
247.231833
247.277685
247.278245
247.278516
247.278552
247.324152
247.527494
247.572605
247.598196
247.681442
247.691718
247.757663
248.004568
248.106549
248.117580
248.158744
248.241245
248.275732
248.467577
248.535973
248.655233
249.104133
249.264966
249.265141
249.265397
249.660789
249.815271
249.881898
249.891649
249.917887
249.959636
249.983138
250.104102
250.104158
250.319473
250.319904
250.588561
250.714167
250.758477
252.160493
252.220332
252.300860
252.693050
252.786831
252.961090
253.032971
253.129999
253.382533
253.382671
253.382808
253.498311
253.584196
253.584391
254.243635
254.305279
254.451881
254.782551
254.833071
254.929482
255.252540
255.252571
255.252585
255.252815
255.601885
256.622967
256.663529
256.663677
257.378437
257.406784
257.455202
257.594065
257.862166
257.862206
257.939767
258.253155
258.294406
258.392145
258.468279
258.497805
259.303740
259.387332
259.757105
259.759648
259.875928
259.875939
259.875963
259.875997
259.876035
259.876135
259.876170
259.876197
259.876213
259.876227
259.876293
259.920146
259.920420
259.920621
260.110163
260.110256
260.110374
260.140083
260.140177
260.140268
260.193226
260.344912
260.345205
260.345334
260.558710
260.655070
260.730227
260.730241
260.730432
260.730648
260.736400
260.736419
260.736476
260.736859
260.793141
260.793244
262.430519
262.482760
312.641246
312.771057
315.607036
315.956091
319.720683
319.720701
320.855041
320.873053
320.944571
322.290189
322.351510
322.458123
323.968569
324.341013
325.605304
326.002010
326.165154
326.589806
329.686578
329.710666
329.710943
330.901630
330.919201
332.251587
332.284265
332.337791
333.013220
333.641658
333.699017
333.701225
333.703110
333.713219
333.911121
333.957921
333.967528
334.065128
334.218941
334.251082
334.290928
334.315524
334.409964
334.410273
334.437295
334.450508
334.463694
334.463709
334.480010
334.480115
334.546579
334.547005
334.550085
334.631472
334.641554
334.656250
334.726563
334.746568
334.781351
334.785637
334.862449
334.955498
334.986369
335.282804
337.106553
337.183234
337.191085
337.231304
337.623140
337.740940
337.741513
338.919533
339.032016
339.154417
339.456047
339.515192
339.532806
339.619258
339.632013
340.029830
340.029984
340.095167
340.095238
342.894849
344.302875
344.322481
344.334975
344.410511
346.200813
346.233751
346.326461
346.326514
346.342058
347.548419
347.856966
347.938439
347.943904
347.974807
347.974920
348.349117
348.352201
348.860077
348.906964
348.915381
348.975982
350.115448
350.445930
350.577356
350.611215
350.639871
350.730311
350.858008
350.933307
350.934042
350.934535
351.024084
351.237995
351.707624
351.773537
351.804249
351.807714
351.815163
351.901987
351.927848
352.006141
352.014892
352.219901
352.292214
352.417532
352.586257
352.597915
352.657239
352.710816
352.906053
352.914718
352.956054
352.977891
352.990685
353.315970
354.168499
354.206230
354.206353
354.276622
354.280110
354.341785
355.220972
355.253645
355.862089
356.379146
356.813928
356.816628
356.826255
356.827990
356.845981
356.852933
356.921118
357.168314
357.276398
357.682486
357.727630
357.778410
357.895448
357.959016
358.003828
358.909541
359.189403
359.497446
359.611200
359.687295
359.687547
30.619723
31.335618
31.343198
31.343216
31.346830
31.346998
31.864458
31.864529
351.991420
