2.250000
1.319606
1.375669
1.848300
1.848300
1.753531
1.408328
2.245418
2.052188
2.035566
0.780000
2.157341
1.424494
2.857000
2.456000
1.351846
1.006000
1.120900
1.067600
1.973742
1.113808
1.113808
1.113808
1.113808
1.113808
1.862483
1.862483
2.071227
2.383000
0.865000
2.150000
1.059662
1.143181
1.657719
1.193739
2.112850
0.763000
1.339925
1.384890
1.830000
1.367826
0.574900
0.796000
1.995466
1.306000
0.522178
0.533000
1.370507
1.688077
1.688077
1.295000
1.434009
1.434009
1.025857
1.025857
1.006500
1.686581
1.128067
1.128067
1.128067
0.476476
0.476476
2.226000
1.633169
1.567167
1.231000
1.298345
1.281616
2.381990
1.521400
1.965784
1.778400
2.683000
1.700403
2.411000
2.126000
0.870000
0.680000
0.680000
0.846000
1.548000
2.886000
1.981753
1.572440
1.375939
2.113217
0.840406
2.056119
2.057175
0.668087
1.236061
2.748000
0.656800
1.762000
0.481900
1.748556
1.035458
1.909464
2.025629
1.090921
0.612800
1.113825
2.411000
1.257462
1.149275
0.768300
1.383179
1.420374
2.089036
0.894500
0.862774
1.644000
1.721570
1.301846
2.156000
0.763528
0.738253
0.871294
1.342591
1.062179
1.191936
0.447100
2.012326
2.126000
1.113000
2.054900
1.877400
1.012000
1.362400
0.531314
2.150000
0.651700
1.029120
1.752700
2.320000
1.848400
0.583792
0.864500
0.902500
2.358000
1.443764
1.715000
0.883000
2.655000
0.630100
0.982828
1.710370
0.811000
0.653000
2.392000
0.727000
1.037661
0.468500
0.661080
1.072000
1.060941
2.445000
0.918000
2.326000
1.627690
1.537438
1.168623
0.503554
0.576200
1.859852
1.284096
1.974685
1.518600
1.005000
1.905899
0.748000
2.118200
1.611300
1.275900
2.875000
0.760000
1.360525
1.249400
1.210461
1.317200
1.470000
0.692000
0.668358
1.130687
1.640300
1.293400
1.317558
1.317000
1.811000
1.303000
1.505200
1.220908
1.113900
0.519201
0.857600
1.203500
2.515000
1.163000
0.874774
1.856031
0.864703
1.268201
1.653600
2.875000
2.177000
1.082153
0.765425
1.671000
1.868000
0.908100
1.556566
1.377928
0.508000
1.237000
1.212790
1.567166
1.567166
0.883000
1.075900
1.052922
1.580137
1.580137
1.364327
1.364327
1.022000
2.808000
1.063173
1.962210
2.065687
2.368000
1.375000
0.697000
1.599362
1.651000
2.741000
1.753200
0.750000
0.345000
2.145303
1.742026
0.897000
1.333458
1.554341
2.273000
2.701000
1.114700
1.462343
0.670779
1.122000
2.395000
0.391126
1.207100
1.609720
1.162938
1.441800
2.564000
0.770000
0.572000
0.620200
0.773000
1.558000
1.436483
1.318844
0.859000
1.210200
1.557722
1.377900
2.255000
2.904000
1.208166
2.115274
2.731000
0.783763
1.415322
0.639300
1.909489
1.136000
1.208000
1.393700
0.489300
0.967500
0.406420
1.076000
1.151900
0.884000
1.361334
1.817427
0.381406
0.472004
1.252821
1.021914
2.067670
2.067670
2.067670
0.931000
1.924154
2.154924
2.382000
1.597000
1.597000
1.597000
2.221000
2.221000
2.221000
1.365300
0.558380
1.951654
1.090640
2.307000
2.307000
0.191552
1.803125
1.629261
1.629261
1.900039
1.900039
0.767000
1.049058
0.518400
1.020248
1.038900
0.906748
0.793962
0.989300
0.554561
0.707000
1.429999
1.484800
2.664000
0.730000
2.163100
0.720000
2.348000
1.384342
0.782699
1.524112
0.954178
2.301000
1.265993
0.801000
1.518100
1.917403
1.571500
1.591325
1.216712
1.515000
0.569900
0.884361
0.932010
0.848919
0.647300
1.310173
1.297014
1.407232
1.217258
1.877381
2.505000
1.898560
0.242737
0.395000
2.414828
1.872160
2.144000
0.872436
2.096000
2.253000
2.253000
1.790000
1.776700
1.472346
1.017212
1.770000
0.784000
1.549000
2.039376
2.150065
1.777866
0.507867
0.676298
2.580000
0.162700
2.010000
1.032000
1.032000
1.358635
0.897000
0.897000
0.733000
1.669000
1.444000
0.660700
0.827000
1.094000
1.278000
0.879424
2.090332
1.250113
1.279000
1.563164
1.459037
1.603000
1.603000
1.675000
1.912026
0.920667
0.915000
1.454000
1.874000
0.560000
2.185000
1.116000
0.351478
0.351478
0.861000
0.861000
2.405000
1.223000
1.050000
1.407000
1.806000
1.250000
0.540000
1.118000
0.891000
0.972000
1.641000
0.765000
1.533000
2.057000
1.353000
1.228000
1.400000
0.519000
2.259000
2.300000
1.101000
0.696000
0.696000
1.392000
1.152000
1.884000
0.723053
0.269000
2.097000
0.978000
1.197000
1.197000
0.988000
0.965000
2.018000
0.623800
0.827000
1.672000
1.329000
0.678000
2.444000
1.024069
1.652000
0.742000
0.314000
1.657000
1.323901
1.615000
1.297000
0.793000
1.649000
1.841000
1.438000
1.438000
1.870000
0.340000
0.921000
1.816000
0.723000
0.368000
0.397000
0.397000
2.194000
1.387000
1.387000
0.433000
0.433000
1.669000
0.413000
0.413000
1.084000
0.624000
0.963000
1.438000
1.293000
1.469340
1.586000
0.533000
2.239000
1.925465
1.214000
1.214000
1.431000
1.386000
0.972000
2.376000
1.659000
0.562000
1.155000
0.772000
0.876000
0.286000
0.980000
0.557573
0.706000
2.070126
2.070126
1.150000
2.513000
1.200000
2.157000
1.058000
2.200363
2.200363
1.788128
1.010000
1.029000
0.649000
1.582357
1.371000
0.808000
0.774000
1.744639
1.129000
1.246000
2.301000
2.301000
1.289000
1.266000
1.266000
0.999000
0.815078
0.489000
0.489000
1.925000
1.041000
0.092000
0.092000
2.028000
1.619000
0.238000
0.238000
0.556000
0.968910
0.984000
0.962792
1.294000
0.858000
1.024098
1.448000
1.448000
1.423000
1.339000
1.685000
0.971000
2.036000
0.717000
0.717000
1.604000
0.535000
0.418000
1.626000
1.023000
1.406000
1.505100
1.443000
0.492000
0.243458
1.100979
0.595100
1.341000
1.542000
1.511000
1.794037
1.572405
1.252513
1.538000
1.210638
2.076000
0.458000
1.743394
1.415000
0.444000
1.694000
0.609141
0.818000
1.722000
0.486000
0.961000
1.109527
0.491000
1.279000
1.568000
1.832985
1.488000
1.251000
1.061000
1.199856
1.847534
1.014000
1.291000
1.873526
0.616000
1.576000
0.911000
1.801000
1.576000
0.742000
1.910000
0.665000
2.058000
0.672000
1.399000
1.373000
0.420000
0.236000
1.806000
0.848000
0.996000
1.301000
1.917000
1.371000
2.505000
0.140000
1.673000
0.908000
0.385000
0.385000
2.026000
0.624000
2.428000
0.819000
1.655000
1.344000
0.738000
1.646000
2.013000
2.013000
1.342000
1.298000
1.298000
1.688000
1.457000
1.380000
1.380000
1.642000
1.426000
1.426000
1.428000
1.107000
1.438278
0.777000
0.777000
2.160000
2.160000
2.635000
2.635000
1.421000
1.347363
1.012409
2.050000
0.300000
2.006800
1.031000
0.445000
1.175000
0.505000
1.106000
1.025000
1.756000
1.533338
1.428006
1.232000
1.121000
0.713000
1.657000
1.882000
1.882000
1.145000
1.130000
0.763000
1.913000
0.553000
1.032000
1.227000
1.267000
1.111000
1.182000
2.481000
1.485000
1.032000
0.400000
2.406000
1.884000
2.096000
0.751000
1.061000
1.621000
1.173000
1.811000
0.056000
1.145000
1.145000
2.158000
1.145000
1.178000
1.385863
0.580203
1.508000
0.497000
0.497000
0.957000
0.831000
2.136000
1.156000
1.246000
0.448000
1.927000
0.628000
1.015000
0.983000
2.362000
1.061000
0.600000
1.043000
1.851000
1.747000
1.027000
2.058000
1.031000
1.382333
1.382333
1.611742
0.650000
0.137000
0.137000
1.426000
1.567000
1.109000
1.798000
1.798000
0.788000
1.884000
1.884000
0.893000
1.425000
1.246000
1.246000
1.246000
1.102000
1.092000
2.814000
2.699000
0.694000
0.694000
0.996000
1.080000
1.694000
1.745775
0.503000
2.457000
1.052000
1.052000
1.592000
1.592000
2.244000
1.596000
1.232987
0.632000
1.495491
1.388000
1.418000
1.404000
1.404000
0.514000
1.883000
1.700800
1.090000
1.090000
0.751000
1.087000
1.087000
0.315000
1.044000
1.818000
0.379000
1.580622
0.751000
1.307000
1.307000
2.655000
0.715000
0.715000
1.536754
1.277000
0.998000
1.481000
1.397000
1.446000
1.446000
1.533000
1.916000
1.235000
1.287000
1.287000
1.083000
1.083000
0.649000
0.649000
1.423000
1.312000
1.093979
0.572000
0.572000
0.572000
0.572000
2.214000
2.268000
1.054000
1.076000
1.076000
1.076000
1.400000
0.439000
0.439000
1.226000
1.538000
1.588000
0.152000
0.152000
0.152000
0.152000
1.205093
0.372000
1.290000
1.570000
1.176000
1.737000
1.737000
1.922420
1.689000
1.451000
1.038143
1.591000
1.700000
1.700000
1.700000
1.842000
1.842000
0.647000
1.656000
1.330000
1.047000
1.843000
1.843000
0.558000
1.059000
1.960000
2.172000
0.984000
0.984000
0.984000
0.984000
0.898000
0.377319
1.147000
2.776000
2.776000
2.102000
1.033000
0.630000
2.505000
2.296000
1.361000
0.782000
1.380000
1.380000
1.380000
0.690000
1.249000
0.290000
0.717000
0.435000
1.582000
0.471000
0.471000
0.471000
1.145900
0.554000
1.628000
1.628000
1.323600
0.515000
1.057000
1.568000
1.568000
0.692000
0.692000
0.692000
1.925000
1.925000
2.072000
2.072000
1.838000
1.760000
0.719000
0.330000
0.330000
2.215000
2.215000
1.788000
1.788000
1.671000
0.771000
1.224000
1.224000
1.224000
1.156723
1.911157
0.967000
0.967000
2.411000
1.310573
1.310573
0.769000
0.769000
0.166000
1.523482
1.523482
0.928000
2.457000
0.365000
1.619000
0.253000
0.253000
0.760000
0.760000
0.760000
0.760000
1.919000
1.658000
1.658000
1.894913
1.281000
1.803000
1.540000
2.157042
2.157042
1.243000
1.243000
1.033000
0.600000
0.575000
1.399498
1.399498
0.822000
0.822000
2.086000
2.086000
1.915000
1.915000
1.279000
1.885000
1.885000
2.038000
2.038000
0.979378
0.979378
1.617000
0.757100
0.645000
2.105000
2.105000
0.974000
0.324000
1.234000
1.234000
1.046000
1.030981
1.030981
1.147000
1.230358
1.230358
1.546000
1.546000
1.519724
0.783000
0.882000
0.882000
0.882000
0.811000
0.811000
0.811000
0.811000
1.229000
0.852000
0.852000
0.986000
0.806000
1.050000
1.050000
1.050000
2.652000
0.325000
0.199000
1.532000
0.942000
0.942000
0.942000
1.543000
0.852000
1.530000
1.530000
1.650802
1.650802
1.650802
0.996000
0.996000
0.996000
1.760761
1.760761
1.760761
1.760761
0.827000
0.827000
0.827000
1.664000
1.664000
1.006000
1.006000
1.006000
1.170885
1.412000
1.412000
1.412000
1.412000
0.585000
1.646000
1.646000
1.646000
1.126000
1.585000
1.783000
1.604000
1.604000
0.501000
0.501000
0.909000
0.909000
0.909000
0.909000
1.658557
1.411000
1.536398
0.853000
1.331000
1.109000
1.109000
0.857000
1.369000
1.029000
0.960872
0.960872
1.168000
1.835000
1.419000
1.419000
1.230000
0.660000
1.565000
1.356000
1.416000
0.936000
2.234000
2.234000
2.234000
1.704000
1.704000
1.755000
1.353000
1.353000
1.353000
1.353000
0.943000
0.943000
0.943000
0.865098
1.023000
1.023000
0.616000
1.560000
1.951000
1.530000
1.530000
1.679000
0.792000
1.902741
1.950000
0.987000
0.987000
1.230000
1.432000
1.759000
1.759000
2.206940
1.296000
2.204000
2.204000
2.204000
0.816000
1.377713
1.195348
1.288000
1.687000
1.687000
0.747000
0.747000
1.765000
1.486000
1.486000
2.009000
2.272435
1.818462
1.399000
2.043000
2.043000
1.257000
1.257000
1.215000
1.215000
1.215000
1.496000
1.556513
1.698000
1.055000
0.801000
1.597000
1.165404
1.165404
1.884291
0.761000
0.761000
1.283000
1.281000
2.098000
1.784000
1.573300
1.564000
0.314000
2.617000
0.215000
0.215000
1.213000
1.213000
1.213000
1.222000
1.222000
1.764000
1.764000
0.847000
1.354000
1.354000
1.773000
1.773000
0.466000
0.466000
0.466000
0.552300
2.305000
1.753516
2.044000
0.715000
2.284000
2.190000
1.916000
1.570000
1.570000
0.843000
0.789000
1.117000
1.117000
1.982000
0.293000
2.420000
1.566000
0.773000
0.825000
1.491000
1.826082
0.605000
0.354000
1.435000
0.911000
0.911000
0.766000
1.328000
1.743000
1.743000
1.008000
0.792000
1.329000
1.329000
2.037000
1.007000
2.050000
1.504154
1.504000
1.504000
2.166767
1.997294
2.452000
2.815000
1.199000
2.249000
1.021000
2.220000
0.875000
1.825000
2.316000
2.086000
1.315000
1.661000
0.311400
1.491000
0.384000
1.625000
1.260000
2.275914
1.225000
1.232000
1.671000
1.354000
1.496000
1.496000
1.496000
1.352000
1.400000
1.115095
2.200000
0.765000
0.765000
0.252000
0.907000
0.907000
1.356000
1.037000
1.037000
1.037000
1.024000
2.301000
2.105000
0.571000
0.560581
0.560581
0.560581
2.823000
1.156000
0.850000
1.060000
0.915000
1.120000
1.558301
1.839000
1.636000
0.299000
1.564707
1.428000
1.428000
0.789000
0.789000
0.789000
1.560000
1.560000
1.330000
1.683000
1.118000
1.118000
1.288000
1.227000
1.227000
1.227000
1.233000
1.233000
1.233000
1.382027
1.382027
1.382027
1.182000
0.940000
1.226158
0.813000
0.813000
0.813000
0.813000
0.813000
2.215000
1.169000
0.921000
1.430000
1.115000
1.474000
0.863000
0.208000
1.286000
1.286000
1.286000
1.286000
1.500000
1.696579
1.696579
1.206000
1.766000
1.256000
0.606000
0.606000
2.293000
2.293000
0.904048
1.455000
1.565000
1.565000
1.565000
1.565000
1.679000
1.571000
1.571000
1.571000
1.571000
0.693000
0.776000
1.162000
1.231267
1.880111
0.707000
1.991904
2.515000
1.711000
2.042000
2.042000
2.042000
1.655000
1.549000
1.549000
1.478000
2.800000
1.565000
2.580000
1.957000
1.957000
2.383000
2.383000
1.478000
1.478000
1.085000
1.085000
1.085000
1.581000
1.581000
1.222000
0.327000
1.430000
1.430000
1.627000
1.611000
0.221000
0.221000
0.931000
1.450000
1.450000
1.350000
2.387000
0.962000
0.962000
0.981000
0.981000
0.981000
1.906000
1.379000
0.722000
0.722000
1.642000
1.574000
0.565000
0.565000
1.160000
2.126581
1.565000
1.565000
1.825000
0.784000
2.289000
0.775000
1.783000
1.585000
1.138000
1.934000
1.121000
1.755000
1.749710
1.386000
0.505000
0.793000
1.933000
1.050000
1.899000
1.762340
2.317000
1.652000
1.379566
1.796000
1.623303
1.023000
1.941000
0.619000
0.806024
1.260000
2.524474
1.143000
0.708000
2.006000
1.923284
1.578000
0.430000
1.384000
1.015000
0.769000
1.118000
1.394000
0.720000
0.786000
1.082000
2.251000
1.174300
0.316000
1.018000
0.366000
1.704000
1.524000
0.942000
0.608000
1.350238
2.283000
1.925000
1.090000
0.190000
2.032000
0.802000
1.673000
0.307000
1.255000
0.294000
0.294000
0.583000
1.201000
1.050000
1.485000
2.831000
1.097000
1.861000
1.992000
2.236000
2.763000
0.326000
0.903000
1.845145
0.447000
0.358000
0.442000
1.284000
1.656000
0.974000
1.150000
1.387000
2.188000
0.142000
0.334000
2.330000
2.410000
1.418000
1.078000
1.078000
0.649000
0.610000
0.984000
1.611000
0.983000
1.776000
2.124000
1.258000
1.264000
0.654000
1.212000
0.558000
0.609000
0.609000
1.708000
1.320000
1.320000
1.320000
0.156960
0.156960
0.156960
2.048000
2.048000
1.028000
1.906000
1.235000
1.405000
0.206000
1.719000
0.936000
0.142000
1.381000
1.710000
0.654000
0.780000
2.441000
0.579000
1.238000
1.733000
1.327000
1.463000
0.494000
0.493000
1.241000
0.231000
0.909000
0.142000
2.071000
1.263700
1.576000
0.438000
1.172000
1.969000
1.245000
1.608900
1.608900
2.039000
1.442108
0.701974
1.384898
0.591000
0.884000
0.954000
1.857000
1.857000
1.857000
1.106000
1.574000
1.801300
1.801300
1.801300
0.978500
2.130000
1.373000
1.678000
0.384200
0.384200
0.384200
0.384200
0.384200
0.384200
0.976000
0.976000
0.976000
1.626000
1.626000
1.055000
1.055000
1.055000
1.055000
0.687000
1.009000
1.009000
2.841000
2.841000
1.006000
1.006000
1.726000
1.726000
0.825000
0.825000
2.350000
2.007000
2.007000
2.007000
2.085000
2.085000
0.678700
0.678700
0.678700
0.678700
1.468894
1.664194
1.584672
0.622000
0.467934
0.826000
1.044461
0.239001
1.174000
1.283000
2.492000
0.520800
1.756790
1.751719
1.192700
1.648102
1.863852
0.769200
2.263000
1.356000
1.388241
1.583300
0.806400
0.910000
1.520300
0.563700
1.536500
0.107400
2.166600
1.398400
0.784300
0.664100
1.806200
1.796700
0.876200
0.347300
1.120300
0.459400
1.790900
1.031900
0.969100
0.864000
0.427000
1.720100
1.839000
1.813400
1.402600
1.402600
0.917700
0.917700
0.631200
0.708800
0.927400
0.927400
0.927400
0.927400
0.927400
2.544000
0.695000
1.076000
0.368400
0.973900
1.459000
1.087000
1.461300
0.120800
1.737000
0.186400
0.186400
0.419000
1.407000
0.855731
0.792100
0.877000
1.985000
0.630000
0.708000
1.691900
1.243100
0.859500
1.499300
2.097000
2.264000
0.814000
1.062696
0.139600
1.543840
0.517700
1.039000
1.341800
1.612900
2.555000
2.262000
0.368400
0.644000
2.896000
0.821000
2.315000
0.887400
1.919300
0.577577
0.321600
1.839000
1.559600
2.023900
1.509600
0.841000
0.377024
0.162800
0.862143
2.073000
1.450000
1.009000
0.657000
0.730000
1.621600
0.865400
1.728753
0.667000
1.965000
1.171000
2.461000
1.707163
1.461000
1.461000
1.457000
0.918000
0.918000
2.144000
1.634000
1.634000
1.660600
1.199166
1.199166
1.703000
1.097600
2.643000
2.173000
1.087000
2.163000
1.308800
2.006100
2.410000
0.329900
0.664000
1.613700
2.515000
1.911900
0.691000
0.691000
1.699000
1.699000
1.956200
1.534000
3.034000
0.187000
1.252214
1.252214
1.486262
1.486262
1.745000
1.745000
1.100500
1.336264
0.680400
1.777900
2.217000
1.820100
1.148400
1.198000
2.690000
1.098000
1.303800
1.224000
0.536400
1.581500
2.302700
0.580000
1.318000
1.318000
0.647000
0.647000
1.038000
1.038000
1.038000
0.572000
0.572000
0.572000
1.262000
1.262000
1.262000
1.305000
1.305000
1.305000
0.886000
0.886000
0.886000
1.595000
1.595000
2.620000
1.184000
0.929000
2.165000
2.345000
1.384145
2.302000
1.934000
2.577000
2.200000
0.414000
2.407000
1.648000
0.714000
1.673100
1.822600
1.072890
1.047700
1.166712
1.089900
1.880766
1.141739
0.991000
1.966000
0.926000
0.862000
0.809000
1.143000
0.963000
1.019000
0.645700
1.189568
0.144000
1.680000
1.534000
1.844400
0.828400
1.204531
1.648167
0.563000
1.943800
1.122800
0.443800
1.234600
0.412400
2.692000
1.826000
1.132500
2.983000
0.268805
0.795000
1.216400
1.025000
1.025000
1.025000
1.166000
1.872200
1.872200
1.872200
1.588100
1.588100
1.588100
0.908000
0.803200
1.024000
0.432000
0.432000
0.432000
0.980100
2.789000
2.254000
1.212900
2.176000
1.438389
0.454400
2.645000
0.939008
1.433735
0.408900
0.862700
0.930400
1.276000
2.272000
0.162400
0.162400
0.766500
0.497800
0.622000
1.951469
0.521100
0.525800
1.320246
2.399000
1.076800
1.377500
1.377500
0.630700
0.795000
0.795000
0.441502
1.256100
1.288457
1.650410
1.488200
2.672900
2.687000
0.528700
1.012000
0.214700
0.424345
3.097000
1.936318
2.001818
0.945000
1.270017
1.119300
0.733000
0.841000
0.830900
0.830900
0.149300
0.149300
1.514400
0.764700
2.127000
2.113300
1.305000
1.305000
2.836000
1.955000
1.955000
0.712000
0.711000
0.711000
2.436000
2.497000
2.398000
0.762000
1.049000
1.589300
0.226200
2.138000
0.702000
1.608000
0.235000
2.495611
2.676000
1.861470
1.751200
0.347200
1.863000
1.108100
0.793025
0.159721
1.936400
1.407000
0.937000
0.292000
2.244000
1.318716
1.318716
1.318716
1.318716
1.672900
2.258000
1.053000
0.733000
0.867000
1.033800
3.686000
2.358000
2.299000
0.650000
1.862800
1.862800
1.301337
0.169000
0.169000
2.618202
1.066500
1.445870
1.958000
1.574380
0.185900
2.481000
0.901600
1.453600
1.772500
1.571000
0.709000
1.778500
1.675000
0.862844
1.374000
0.398000
2.359000
2.482000
2.064000
1.814000
1.306000
1.306000
1.847000
1.887000
1.887000
1.369000
2.505000
0.392000
0.392000
2.358000
1.332000
0.155400
0.697000
0.697000
0.697000
0.697000
0.697000
0.697000
0.697000
0.697000
0.697000
0.697000
0.697000
0.697000
0.697000
0.697000
0.697000
2.466000
1.020000
0.539000
0.937000
0.761000
0.946000
1.033200
0.936600
0.351500
0.874200
1.488300
1.114000
0.937700
0.584600
0.584600
0.584600
2.461000
2.423000
1.465400
0.699000
1.246300
0.920000
1.608000
1.106818
0.521000
1.476000
1.256000
1.975200
1.975200
1.975200
1.975200
1.975200
1.975200
2.034700
2.034700
2.034700
2.034700
1.189949
1.296800
1.296800
2.100700
2.100700
2.100700
1.509500
1.509500
0.345400
0.345400
1.355100
1.405100
1.964000
1.964000
1.887100
1.888600
1.888600
0.355000
0.355000
1.336600
1.288200
1.288200
1.288200
1.288200
1.024100
1.024100
1.024100
1.024100
1.024100
2.455000
2.455000
2.455000
2.455000
0.345400
0.345400
0.345400
0.345400
0.354000
1.317600
1.317600
0.378000
0.353000
0.353000
1.156500
1.156500
2.123000
2.735000
1.234800
1.234800
1.973300
1.973300
0.471000
1.780000
1.066500
1.066500
1.753500
1.753500
1.627400
1.627400
0.698400
0.698400
0.698400
2.497800
1.664400
1.664400
1.664400
2.288000
2.288000
1.664400
2.288000
1.321200
1.321200
0.372600
0.372600
1.828000
1.828000
0.360000
0.360000
2.153000
2.153000
1.234000
0.194800
1.038000
0.498600
1.557100
1.557100
1.765900
1.796100
1.796100
2.054100
2.054100
1.105000
1.514900
0.678000
1.834200
1.584500
1.569900
2.960000
1.354800
2.180000
2.180000
2.031800
2.514000
1.434000
1.434000
1.434000
1.434000
2.023000
2.023000
1.247030
0.455243
0.987700
2.223000
1.153452
1.160700
1.160700
1.510300
1.510300
0.703000
1.292300
1.292300
0.657600
0.657600
0.657600
1.504500
1.504500
1.504500
0.255000
1.516300
0.212000
0.212000
2.505700
2.505700
1.318000
1.318000
0.711600
0.711600
1.536600
2.005500
0.828800
2.515000
2.519000
0.860000
2.107000
0.939788
1.022500
1.857000
1.997350
2.110196
1.941518
0.586000
0.586000
1.284000
1.284000
0.240600
0.240600
1.890900
2.526000
1.101933
1.724619
0.873000
1.719100
1.289508
1.398565
1.870000
1.782535
0.799000
1.012600
1.224000
2.021804
2.462000
1.040485
1.452278
1.456900
0.986000
1.924402
0.669000
0.534000
1.877496
1.597640
0.972964
1.352200
2.806000
0.896883
1.532800
1.574000
2.640000
2.655000
0.679000
1.356000
1.453495
2.017642
1.850000
0.360000
2.199000
0.255000
1.655000
1.008000
0.885835
1.343000
0.984000
2.475000
2.554000
2.092000
1.952618
0.770000
1.022000
0.629000
1.047100
0.811301
0.688000
2.335000
1.294700
1.585000
0.577200
2.122600
0.896000
2.022000
1.123000
2.089000
1.750000
1.248000
1.251000
1.565200
1.007200
1.464800
1.536500
1.536500
1.227000
2.202000
0.655900
0.761000
0.551000
2.804000
1.356600
1.356600
1.165100
0.902000
0.819000
1.086400
2.252000
2.252000
2.252000
1.761300
1.579500
1.808900
1.808900
1.808900
0.876300
0.812000
1.977000
2.380000
2.380000
2.380000
2.380000
1.423171
2.358000
1.758000
1.972000
0.644000
1.060000
1.513200
0.837000
1.870000
2.419000
0.582900
2.592000
2.109000
0.824000
0.336000
0.970353
1.185000
0.844000
0.844000
0.518000
0.534600
1.006436
2.588000
0.841000
0.841000
1.871648
0.492100
1.134000
1.134000
1.134000
1.530667
1.530667
1.123954
0.901986
1.123954
1.970500
1.135000
1.135000
1.135000
0.922000
1.873065
0.663200
1.260053
1.260053
0.945000
0.945000
0.361300
0.715000
0.715000
2.852000
2.708000
2.708000
1.137000
1.390667
0.745100
1.412000
1.412000
2.093000
4.334000
1.083677
1.327000
2.727000
2.727000
2.727000
1.680000
0.989000
0.989000
1.225977
0.902000
0.727000
0.934800
1.349237
1.009507
0.351000
0.956300
2.125000
1.975000
0.229100
0.772000
0.714000
1.960000
1.891000
2.455000
0.693000
2.262000
2.429000
1.476500
1.100200
0.998100
0.908700
1.955000
0.562300
1.504100
0.184000
1.060799
1.060799
1.060799
1.060799
1.151000
2.387000
0.795000
1.940600
1.751287
1.751287
1.751287
1.058200
1.112640
1.230563
2.513000
2.513000
2.513000
0.907000
1.178400
0.502865
1.267308
1.465500
1.111900
1.032122
1.031900
1.428948
0.385300
1.014500
2.507000
0.850700
0.850700
0.850700
3.057000
3.057000
0.638700
1.011200
1.992400
1.992400
1.992400
0.961000
2.329000
0.967000
2.422000
0.794412
0.794412
0.794412
1.560000
1.560000
1.083300
2.004000
2.004000
2.004000
2.103478
2.202000
1.284600
1.533500
1.533500
2.498000
2.498000
0.167100
2.622000
1.116164
3.276000
3.276000
3.276000
1.894000
1.894000
1.894000
1.894000
1.894000
1.894000
1.894000
1.894000
1.723100
0.967700
0.967700
1.814221
1.522000
0.443802
0.443802
1.111900
1.111900
1.111900
1.111900
1.111900
1.111900
1.111900
1.111900
1.111900
1.111900
1.111900
1.111900
2.835000
2.835000
2.835000
2.835000
2.835000
2.835000
2.835000
2.835000
2.835000
0.466303
0.466303
0.466303
0.466303
0.466303
0.466303
0.466303
0.466303
0.466303
1.530936
1.530936
1.530936
1.530936
1.530936
1.530936
1.530936
1.530936
1.530936
1.530936
1.530936
1.530936
1.446000
1.446000
1.446000
1.446000
1.446000
1.446000
1.446000
1.446000
1.540409
1.540409
1.885580
1.885580
2.944000
2.944000
2.944000
2.944000
2.944000
2.944000
1.497138
1.497138
1.571802
1.571802
1.571802
1.571802
1.571802
1.571802
1.571802
1.571802
1.571802
1.571802
1.571802
1.571802
1.571802
1.571802
1.204600
1.204600
1.204600
1.204600
1.204600
1.204600
1.820072
1.820072
1.820072
1.820072
1.820072
1.820072
1.820072
1.820072
1.820072
1.820072
1.725580
1.095000
0.205000
0.205000
1.803844
1.803844
1.972866
1.543667
1.461260
1.461260
1.461260
2.014105
1.024000
1.024000
1.024000
1.786083
1.786083
1.786083
2.563000
2.563000
2.563000
0.494000
0.494000
0.494000
1.517782
1.517782
1.517782
0.893000
2.714000
2.839000
0.907100
2.313000
2.771000
2.546000
1.221900
0.847000
0.630000
0.541000
2.980000
1.269563
2.599000
1.199300
1.199300
0.439000
0.439000
1.851314
1.600320
2.538000
1.942900
1.942900
0.945235
1.373000
1.654000
1.521000
1.366200
1.923244
0.262300
1.381106
1.438294
1.882385
0.897398
1.171745
2.959000
2.178000
1.698581
1.768544
1.365370
1.365370
0.558500
1.394784
0.428000
2.530000
1.564200
1.160000
0.432000
0.680500
0.802600
1.331500
1.539300
1.012490
1.680762
1.667300
1.667300
2.314000
1.988000
0.669400
1.255900
1.917200
0.143800
0.143800
0.143800
0.143800
0.143800
0.143800
0.143800
0.143800
0.143800
0.143800
0.143800
0.143800
2.030000
0.704000
0.704000
0.704000
0.704000
0.704000
0.704000
0.704000
0.704000
0.704000
2.202000
2.218000
0.610000
0.610000
0.990000
1.735000
2.533000
0.154500
0.871000
0.836000
1.919000
1.919000
1.919000
1.566000
1.566000
0.211000
0.211000
0.211000
2.042000
0.176000
0.176000
0.176000
0.176000
0.176000
2.635000
2.400000
0.293000
2.284000
2.024000
0.984000
0.984000
0.984000
2.726000
2.726000
2.726000
2.804000
2.804000
2.804000
0.993000
0.315900
0.315900
0.315900
3.550000
0.922700
2.179000
0.982400
0.558700
0.407000
0.512700
2.026000
0.999045
2.193700
0.463300
2.414000
3.335000
0.463000
1.874000
1.067600
2.523000
1.168000
0.446000
2.455000
1.251100
1.782000
1.211800
0.155900
1.233052
2.659000
0.416000
0.993400
0.781000
0.781000
1.658600
0.290200
2.106000
0.618696
1.805600
0.689137
0.689137
0.837000
0.837000
0.681000
0.681000
0.681000
0.681000
0.681000
0.681000
0.681000
0.869000
0.509000
0.509000
2.343000
2.161000
2.161000
2.060000
2.060000
0.715000
1.359034
1.359034
0.989048
1.245004
1.245004
1.736200
1.736200
0.927753
1.477560
1.477560
1.795104
1.208000
0.868000
1.365702
0.229000
1.235000
0.644000
2.236000
1.913653
2.571000
1.222074
1.129700
1.129700
1.129700
1.129700
1.129700
1.787000
1.430000
1.162000
0.549000
0.776000
0.776000
1.088000
0.996100
2.148000
2.148000
2.148000
2.304000
0.438000
1.266000
1.502900
0.780500
2.712000
0.711400
1.127200
2.187000
0.803400
0.336000
0.954100
1.096000
1.539800
1.127624
1.931000
1.022507
1.264237
0.861000
1.192310
1.756879
0.803000
0.337500
0.629000
1.631900
1.826305
0.553800
1.833000
1.471000
1.290396
1.579000
1.200000
2.267000
1.803556
2.332000
0.978000
0.238000
0.875000
0.752000
1.204000
1.552200
1.084000
1.084000
1.084000
1.084000
1.084000
1.147000
1.149000
1.147000
1.147000
1.149000
1.147000
1.149000
1.149000
1.149000
0.385000
1.648681
0.136000
0.136000
0.136000
0.136000
0.136000
1.127000
0.669000
0.669000
0.669000
0.669000
0.669000
0.985000
0.985000
0.985000
0.985000
0.985000
1.677900
2.301000
0.961892
0.138000
0.138000
0.138000
0.138000
0.138000
1.791155
0.780177
0.297000
0.297000
1.219400
1.606542
1.585594
3.409000
1.207700
3.425000
0.287100
0.287100
1.028012
1.028012
0.664000
0.498300
0.376700
0.598500
0.598500
2.148000
0.663000
0.165000
2.300000
0.315000
2.243000
2.293000
2.293000
0.907000
0.907000
1.243600
1.930000
1.598900
1.456000
0.620000
3.479000
0.683000
0.292700
2.228000
1.024100
1.772000
2.166000
1.162000
1.186000
1.397600
1.659703
0.752000
0.752000
0.708712
2.610000
1.043000
1.799000
0.492000
1.124000
1.124000
0.974347
0.974347
2.004200
0.892000
0.892000
0.892000
0.892000
0.892000
0.892000
0.892000
0.892000
1.070200
1.602250
1.249600
1.603015
1.924102
1.924102
1.924102
0.915000
2.333000
1.506000
1.506000
1.506000
1.107512
1.160000
1.087000
1.202227
1.202227
2.218000
1.416036
2.055000
1.412768
2.485000
0.664000
0.641100
2.141000
2.289000
2.289000
0.300000
0.300000
0.915000
0.915000
0.915000
0.915000
0.915000
0.915000
0.915000
0.915000
1.279100
1.279100
1.279100
1.279100
1.279100
1.279100
1.279100
1.279100
1.279100
0.889000
0.889000
0.889000
0.889000
0.889000
0.889000
0.889000
1.954129
1.954129
2.343000
0.586400
0.945370
2.021464
2.021464
1.202800
0.752000
1.024000
1.024000
0.910300
1.592440
2.142769
1.189500
1.189500
1.792800
1.792800
1.754992
0.978000
0.591000
2.322000
1.760000
2.618000
1.205346
1.205346
0.398000
0.398000
0.398000
0.398000
0.398000
1.320000
1.320000
1.123000
1.123000
1.123000
1.123000
1.123000
0.962000
0.962000
2.255000
2.256000
2.256000
0.654200
2.199000
0.725000
1.111000
1.111000
1.179483
1.179483
1.179483
1.442000
0.653100
0.653100
0.653100
0.653100
1.796606
0.755200
1.265800
0.286400
2.100000
2.673000
0.881100
3.325000
1.128000
1.680000
0.966000
2.684000
2.759000
1.216000
0.756900
0.756900
1.061400
2.014000
0.993000
2.620000
1.254200
1.667800
1.185800
1.185800
1.185800
1.185800
0.824700
0.824700
0.824700
0.824700
0.824700
0.765400
0.765400
0.765400
1.798000
1.132900
1.132900
1.331000
2.040000
1.350500
2.386000
2.502000
0.586000
0.732100
1.272500
2.171000
0.722300
2.239000
1.608400
1.608400
1.279700
0.660000
2.360000
2.051000
0.733600
1.039600
0.609000
2.660000
0.791000
0.688800
2.320000
2.320000
2.320000
2.505000
2.622000
0.857000
0.857000
0.857000
0.857000
2.808000
2.808000
2.808000
0.853800
0.853800
0.853800
0.853800
0.853800
2.278000
2.501000
2.501000
2.501000
0.770400
0.631700
0.631700
1.921100
1.921100
1.921100
1.921100
0.712000
0.712000
2.082000
2.082000
2.387000
2.170000
2.170000
2.222000
2.222000
2.222000
2.222000
2.222000
1.725100
2.805000
2.250000
0.686000
0.686000
0.402000
1.816000
1.816000
2.374000
2.374000
2.374000
0.840000
1.363600
1.711600
2.270000
2.270000
2.270000
1.040900
2.161000
2.307000
0.235900
0.235900
0.235900
2.655000
1.052600
0.191000
0.839200
0.521000
1.771600
0.274000
0.274000
0.402100
0.462000
1.363200
2.187100
1.485000
1.485000
2.521000
2.521000
2.521000
1.411000
0.142000
0.779000
2.284000
3.185000
0.707900
1.026000
0.861000
0.861000
0.444000
2.467000
2.549000
1.247000
1.296300
0.742300
0.742300
2.286000
0.986400
0.288000
0.382000
0.370900
0.373000
1.921000
1.630083
1.434200
1.649641
0.930553
0.968000
1.245000
2.151000
3.215500
1.830000
1.749100
2.219000
2.219000
2.339000
2.587000
2.587000
2.587000
2.587000
2.587000
0.746000
0.746000
0.746000
0.549000
1.017000
1.017000
1.017000
1.017000
1.017000
1.017000
1.017000
0.296000
2.302000
0.909500
0.909500
0.909500
0.909500
0.909500
0.440200
0.440200
0.440200
0.440200
0.440200
0.440200
0.440200
0.517500
1.396800
0.529000
1.834000
1.146000
0.839000
1.897000
1.063400
2.122000
0.844000
0.169000
2.459000
2.459000
2.695000
1.359000
1.892000
1.892000
0.401000
0.401000
2.295000
2.076000
1.343700
1.343700
0.618000
2.641000
1.055000
2.467000
2.445000
1.593800
2.359000
1.692600
0.864000
1.625000
1.021000
0.362600
0.937500
0.937500
0.937500
1.703000
1.221500
2.558000
0.897000
2.225000
2.184000
2.322000
2.047600
0.972000
0.972000
1.932323
1.932323
1.932323
1.870963
1.926369
1.667995
1.066500
0.782400
0.782400
2.042000
1.188300
1.026000
1.803900
1.803900
1.803900
1.374300
1.374300
2.160000
2.584000
2.304000
1.160000
1.160000
1.160000
2.711000
1.196600
2.275000
1.956600
1.956600
1.956600
2.233000
2.233000
0.634000
2.377000
2.378000
3.176000
0.305000
0.305000
2.654000
0.796000
0.796000
1.884000
1.884000
1.034000
1.034000
2.516000
2.516000
1.933600
1.858600
1.858600
1.598000
2.218000
0.400400
1.560300
1.560300
1.560300
1.560300
0.863000
1.094000
0.342200
1.754000
1.754000
0.766000
2.924000
1.140100
1.140100
1.321600
0.329000
0.966700
1.135100
1.135100
1.135100
1.135100
0.607500
0.607500
0.607500
2.333000
1.573900
1.573900
0.954500
0.646700
0.646700
0.646700
0.646700
0.646700
0.646700
0.646700
0.960800
2.437000
2.874000
2.874000
2.874000
1.929000
1.929000
1.929000
1.929000
1.929000
1.929000
1.929000
1.155800
1.361000
2.675000
0.476400
0.372200
2.067000
2.299000
1.838700
2.054300
0.538500
0.717000
2.163000
1.095000
2.466000
1.032237
2.534000
3.035000
2.583000
1.809000
2.546000
1.578523
0.709000
1.036988
1.448191
2.152000
2.647000
0.778000
2.907000
2.534000
0.824100
3.026000
0.154300
1.843500
0.878751
0.815000
1.929000
1.219000
1.151000
0.853000
0.754000
0.920000
0.926000
0.498000
1.644000
1.017000
2.620000
1.775000
0.449300
1.581800
1.929000
0.397000
0.804700
0.182900
1.869582
2.003003
1.211636
1.338751
0.970965
0.671789
1.917700
1.561663
1.828683
1.828683
1.642800
2.554000
0.755000
0.891200
0.872300
0.796000
0.695000
0.418000
0.924900
0.334200
2.124600
1.365500
0.481000
1.937000
2.330000
1.514300
0.730000
2.425000
1.232100
2.295000
2.303000
0.971000
2.325000
2.412000
2.412000
2.412000
1.245000
2.475000
1.026700
1.026700
2.065000
2.565000
2.565000
2.565000
2.724000
2.160000
0.859000
0.859000
0.859000
0.859000
0.859000
0.859000
0.859000
2.470000
1.091000
1.091000
1.091000
1.617000
1.617000
1.617000
1.054200
0.562100
1.471400
1.819000
0.718300
1.548900
3.832000
0.640638
2.130000
2.130000
2.130000
2.429000
2.429000
2.429000
1.142200
1.142200
1.142200
1.970582
0.943871
1.133433
0.376000
1.373254
2.830000
2.830000
2.830000
0.809068
1.088300
2.296000
0.926000
1.550000
1.165307
1.856567
0.652000
0.653000
0.451500
1.088100
0.631300
2.226000
2.097000
2.326000
2.252000
2.244000
0.904000
0.904000
2.400000
0.385900
1.817000
1.518900
1.518900
1.467000
0.237400
2.731000
2.731000
0.735500
0.735500
2.480000
1.538000
2.480000
1.598500
1.075000
0.643000
0.430000
0.905900
0.436000
0.804100
0.804100
1.298000
2.836785
1.122000
2.212000
1.868176
0.932800
0.539000
0.539000
2.246000
1.096300
1.486800
1.156000
1.156000
1.156000
0.936900
0.936900
1.797000
1.168800
1.168800
1.168800
1.415100
0.444049
2.441000
2.447000
0.867100
2.050400
2.773936
0.645664
2.342000
2.289000
2.023490
1.242785
1.502000
0.914400
1.232321
0.594900
0.410000
0.527000
0.524000
0.541000
3.578000
2.307000
1.553000
1.879000
1.879000
1.879000
1.633000
1.669500
0.442085
0.563000
2.445000
1.009700
2.321000
2.246000
0.471000
0.150900
0.122000
0.122000
1.388500
2.555000
2.555000
2.480000
0.661200
0.256000
2.519000
0.250000
0.187500
0.756000
2.465000
2.466000
1.408000
2.116242
1.110597
1.110597
1.418200
0.097900
0.360000
0.076600
2.748000
1.125000
0.956000
1.033000
1.947000
1.828000
1.679000
0.451000
0.451000
2.513000
1.472000
1.472000
2.101000
1.823000
2.583000
2.340000
0.866000
0.866000
1.391000
0.995000
1.399000
1.401000
1.016200
1.975184
1.975184
0.360000
0.891000
0.891000
0.650000
1.729886
1.383000
0.587000
0.804000
1.224000
1.397000
1.076000
1.752000
1.745300
0.315600
0.970000
1.075000
1.906367
0.794000
1.614000
0.965088
2.485000
2.163000
2.356000
0.989019
1.408000
1.352641
1.740000
1.195370
0.604000
1.543100
0.424000
0.240000
1.587000
1.155500
0.715000
0.238000
1.074400
1.074400
2.560300
2.560300
3.029000
1.687000
0.984000
1.835000
1.534400
1.534400
0.263000
0.990000
1.140000
1.908000
1.285000
1.285000
1.285000
1.285000
1.285000
1.846000
1.630000
1.181000
1.025000
1.025000
1.025000
0.527000
0.808000
0.808000
2.390000
2.390000
0.720000
0.113500
1.282000
1.282000
1.846000
1.261000
1.261000
2.160000
1.022000
1.022000
1.022000
1.022000
1.890000
1.605000
1.930000
2.598000
0.483000
0.481000
0.481000
0.481000
0.481000
0.481000
0.800000
1.223000
1.223000
1.223000
0.986000
0.986000
0.986000
0.986000
1.359600
1.359600
1.359600
1.359600
0.914000
0.937591
1.539000
0.525686
1.157000
1.041800
1.069418
0.805000
1.478700
1.608000
2.238000
2.298000
1.348000
0.440000
1.949000
0.609000
0.249000
0.249000
1.345000
1.295000
1.957000
1.957000
1.029000
1.057000
1.509646
1.735000
1.833000
0.702000
0.546500
1.707000
1.364000
2.224000
2.224000
1.722000
0.763700
0.763700
1.059000
1.849000
2.216000
0.265000
0.474000
2.421000
1.989000
1.717000
1.547000
1.980000
0.751000
1.187000
0.676000
1.204000
1.430000
0.825000
0.073000
0.340100
1.241700
1.862300
2.742000
2.824000
1.083000
1.603300
1.603300
1.603300
1.129400
2.285000
0.439100
0.248900
1.487200
1.206900
1.206900
2.233000
2.100000
1.561800
1.072000
2.240000
1.110000
2.593000
2.213000
2.213000
0.376200
0.376200
0.316200
0.316200
1.755904
0.913000
0.627000
0.739000
2.501000
2.706000
2.200000
3.186000
0.622900
2.131900
0.364100
1.641726
1.049000
1.448665
1.784661
1.342064
1.342064
0.420200
1.131500
1.224422
1.224422
1.518800
1.570000
0.683400
0.716000
1.486545
1.690000
0.220706
0.930000
1.272021
1.572795
0.807800
0.352400
0.647000
2.628000
2.814000
1.070100
2.259000
0.633000
2.603000
0.853800
1.532900
1.506100
0.633800
1.479000
0.334400
2.239000
0.830900
1.103000
0.765000
0.248300
1.120800
1.140166
1.901000
0.332000
1.354000
2.372000
2.399000
1.356153
2.034486
1.669000
1.888000
1.642568
2.395000
1.522700
0.861000
1.044400
1.608700
1.162800
1.941500
1.093500
1.147700
0.882600
0.882600
1.297000
0.957000
0.306000
1.817400
1.817400
1.659000
1.659000
1.659000
2.748000
0.208000
0.208000
0.208000
2.540000
2.540000
2.540000
0.789000
0.789000
0.789000
0.789000
2.754000
2.754000
2.754000
2.754000
0.965100
0.267300
1.803400
1.426600
3.106000
0.729000
1.073200
2.522000
0.873000
0.873000
0.782000
0.782000
0.064500
1.551000
2.306000
2.272000
0.838600
3.057000
1.209100
2.195000
2.652000
2.174000
0.487000
0.577000
1.755200
1.877000
2.235000
1.604500
1.550700
1.347000
0.935000
1.270000
1.208000
1.208000
2.384000
1.743000
1.743000
0.767000
0.767000
0.559000
0.997000
0.997000
1.430000
1.217900
0.540300
2.351000
2.109000
2.109000
2.109000
2.407000
2.371000
2.371000
2.371000
0.635000
1.917000
2.340700
0.608200
0.608200
0.608200
0.909700
0.978400
1.359400
0.722000
1.838000
1.838000
2.209000
0.408900
2.358000
2.669000
2.669000
2.669000
2.669000
0.173400
1.580300
2.438000
1.957000
1.957000
1.570000
0.512400
0.512400
0.512400
1.237000
2.426000
0.390900
1.412200
2.079500
2.747000
1.561000
0.802100
1.583400
0.563000
1.588000
0.371000
1.287200
2.065500
2.920000
2.597000
1.968000
0.831000
1.654000
0.950800
0.374300
1.823800
0.294000
0.294000
0.294000
0.294000
1.775000
2.208000
0.696000
1.211900
1.927900
1.722100
2.275000
1.571300
1.040000
1.465800
0.499400
0.642000
0.642000
1.027400
0.881000
1.572000
2.360000
2.422000
2.058300
3.205000
0.800000
1.553000
2.883000
2.883000
2.883000
0.955100
1.014000
1.061500
1.986000
1.081300
1.024000
1.542100
1.737000
0.631800
1.449000
2.949000
0.565000
0.585000
0.966000
1.899500
0.916000
1.129400
1.129100
1.129100
1.129100
1.129100
1.731000
2.456000
0.582400
2.715000
2.715000
0.447000
1.753400
2.155000
2.155000
2.397000
1.329000
2.636000
0.918600
0.773800
1.567400
1.113700
1.102700
1.847000
1.847000
0.399300
0.399300
0.399300
0.399300
1.404200
1.404200
0.153000
0.153000
0.153000
1.349000
1.826000
1.078200
0.645000
0.645000
0.620000
0.620000
0.478600
0.478600
1.101900
1.101900
0.879000
2.378000
1.432100
2.181000
0.479000
0.570000
2.313000
1.644300
1.004100
0.780000
0.949600
1.314800
1.503000
1.503000
1.207500
1.593000
0.807000
0.807000
0.807000
0.900000
2.408000
2.408000
2.408000
2.408000
2.408000
2.408000
2.276000
2.276000
2.276000
0.749000
0.749000
0.749000
0.749000
0.749000
0.749000
0.269000
0.269000
0.269000
0.269000
0.269000
0.269000
0.269000
0.269000
0.269000
0.269000
0.269000
0.245000
0.933700
0.689000
0.358100
1.594000
1.640600
1.776000
0.950000
1.499000
1.641000
1.884000
0.666000
2.152000
1.047400
2.881000
2.881000
2.465000
2.465000
2.612000
2.796000
2.796000
0.720000
0.720000
2.303000
2.303000
0.903800
0.903800
0.353000
2.029232
2.530000
1.293050
1.521000
1.521000
1.521000
2.610000
0.783000
0.783000
0.783000
1.034000
0.208000
1.192200
2.310000
1.618900
2.466000
1.193600
1.474700
0.910100
2.147000
2.193000
2.933000
0.974600
0.742000
1.006500
2.354000
0.909100
0.918000
0.918000
0.918000
1.932000
0.718000
2.363000
0.731000
0.730000
2.092000
0.859600
0.537200
0.537200
1.127300
1.127300
1.714600
1.145900
1.650000
0.621411
1.232379
0.737600
1.298700
1.540400
1.666700
0.803000
0.927600
0.800000
0.800000
0.800000
1.582000
2.271000
2.271000
1.047000
2.338000
0.607000
0.770100
1.024700
1.038700
2.734800
2.734800
2.734800
2.734800
2.027000
1.198000
0.835800
0.835800
1.591500
1.116800
1.043300
1.250000
0.537300
0.537300
0.980300
0.360300
2.494000
0.615000
0.521200
1.359700
2.103800
1.059600
0.773900
0.178500
2.081000
2.081000
2.081000
2.081000
2.081000
2.081000
2.081000
2.081000
2.081000
2.081000
2.081000
2.158000
2.158000
2.158000
1.144600
1.144600
1.144600
1.520000
1.520000
1.520000
1.365000
1.816600
1.816600
1.816600
1.723400
3.732000
0.275200
0.275200
0.275200
0.275200
1.173200
1.173200
1.173200
1.173200
0.989900
0.989900
1.325400
1.052200
1.508800
0.537800
1.020800
0.884300
0.259800
0.259800
2.290000
2.274000
1.174400
1.342000
1.398000
2.565000
0.781000
1.147000
0.859000
2.950000
0.726000
2.201000
1.510097
1.047119
1.047119
2.668702
1.894079
0.462100
0.529700
1.336300
1.180600
1.676600
1.093000
0.895000
1.841300
0.573500
0.903000
1.951100
1.459300
1.412300
1.999400
2.287000
1.898000
0.320100
1.121100
1.121100
2.320000
2.156000
1.491100
1.491100
2.091700
2.091700
2.054089
1.280799
0.945921
0.908730
1.953400
0.441000
0.733000
1.489300
2.627000
2.663000
0.551000
1.274400
0.877900
1.298500
1.167962
0.795491
2.415000
1.352333
1.441100
0.715000
1.032000
2.239000
0.325800
1.275325
1.711251
0.915278
1.540190
2.479000
3.160000
0.528000
0.528000
0.678000
0.678000
1.762773
1.068000
1.452346
1.097777
1.673861
1.490100
0.483600
1.214000
1.214000
1.644700
1.486000
1.212000
2.543000
1.413517
0.656000
0.656000
0.365900
2.084000
1.051000
0.741000
0.422000
1.132313
2.172000
1.767624
2.141287
1.814000
1.385922
0.753300
0.808100
1.245800
1.922900
2.103000
1.034000
2.598000
1.172100
0.955800
0.564900
2.293000
2.533000
1.879700
0.883500
0.411000
0.634300
0.624000
3.398000
2.342000
0.704400
1.005900
1.254100
1.939500
1.256042
2.216000
0.367200
1.880000
0.582600
0.695800
1.521800
2.020136
2.020136
0.712800
1.902100
1.376700
1.182000
2.193800
1.103000
2.786000
1.478900
0.455800
0.864000
0.747000
0.798000
1.322600
2.097000
1.515654
0.722759
1.911095
3.170000
2.106949
1.333000
2.549000
1.632000
1.215779
1.165863
1.805800
1.320028
1.978600
1.978600
0.292000
0.364000
0.995000
0.995000
1.073000
1.073000
1.120000
1.120000
1.068800
